BFS
12 125 133
1 17 0
9 19 11
4074
0 3 0 15
0 4 1 11 18
0 4 3 8
0 6 3 7 11
0 6 4 16
0 7 0 1 8 15
0 7 1 3
0 7 2 5 16
0 7 3 6 17
0 7 10 3 8
0 7 11 11 16
0 8 1 3 4 5 8 12 15 17 18
0 8 2 6 15
0 8 10 1 4 12 17
0 9 0 3 5 11 15
0 9 1 4 6
0 9 2 18
0 9 3 18
0 10 0 4 11
0 10 1 5 18
0 10 2 6
0 13 2 1 15
0 14 3 7 18
0 16 1 16
0 17 0 3 17
0 17 16 3 8
0 17 17 16
0 18 0 4 8
0 18 8 3
0 18 9 15
0 18 11 12
0 18 12 16
0 18 16 3 4 8 15 17
0 18 17 11
0 18 18 1
0 18 19 12
0 18 23 16
0 19 7 15
0 19 8 1 4 5 12 16
0 19 9 6 15
0 19 10 7 18
0 19 11 8 15 16 17
0 19 13 7
0 19 16 4
0 19 17 7 18
0 19 18 8
0 19 20 11 16
0 19 22 12 16 17
0 20 5 7 12
0 20 7 17
0 20 8 11 18
0 20 9 5
0 20 10 6 7 8 12 17 18
0 20 11 3
0 20 12 18
0 20 14 7
0 20 16 11 15
0 20 17 1 16
0 20 18 5 15
0 20 19 6 17
0 20 21 1 17
0 21 5 1
0 21 6 12 15
0 21 7 5 12
0 21 8 3 6 7
0 21 9 1 5
0 21 10 1 6
0 21 11 3 4
0 21 16 15 17
0 21 17 1 18
0 21 18 8 15
0 21 19 5 18
0 21 20 6 16
0 22 2 5
0 22 3 6 11
0 22 5 8 16
0 22 6 5 16
0 22 7 6 11 12 15 18
0 22 8 4
0 22 11 4 8 15 16
0 22 12 15
0 22 16 3 16
0 22 17 18
0 22 18 12
0 22 19 1 5 7 17 18
0 22 20 6 15
0 23 4 11 17
0 23 5 12 17
0 23 7 3
0 23 8 15 18
0 23 9 5
0 23 10 6 17
0 23 12 5 18
0 23 13 6 8 12 18
0 23 14 8 15
0 23 15 12 16 17
0 23 16 4 11
0 23 18 5
0 23 19 1 6
0 23 21 18
0 24 7 4 5 8 12 15
0 24 8 6 15
0 24 9 3 7 15 18
0 24 14 12 17
0 24 15 12 18
0 25 8 3 18
0 25 9 4 8 11 12 18
0 25 10 16 18
0 25 15 8 15
0 26 8 4 12 16
0 26 9 15 17
0 26 11 12
0 26 16 8 16 18
0 26 17 3
0 27 7 17
0 27 10 12 18
0 27 15 3 17
0 27 17 4 12
0 28 15 4 5
0 28 16 6 8
0 29 5 7
0 30 0 1
0 30 2 7
0 31 0 1
0 31 1 11 16
0 32 0 3 17
0 32 3 5 12
0 32 4 3 6
0 33 0 4 5
0 33 1 5 6
0 33 2 1 6
0 33 4 4 7
0 34 0 8 15
0 34 1 11 15
0 34 2 11 15
0 34 8 1 15
0 35 1 11 18
0 35 2 3 18
0 35 3 12 18
0 35 7 5 7
0 35 8 6 8
0 35 9 7 18
0 35 10 12
0 36 0 5
0 36 1 6 12
0 36 2 4 11
0 36 7 7 15
0 36 8 8 12
0 36 9 1
0 36 11 12
0 37 0 3
0 37 1 3 8 16
0 37 2 1 12
0 37 8 1 18
0 37 9 8 11
0 37 10 7 11
0 38 0 4 17
0 38 1 3 4
0 38 2 16
0 38 5 15
0 38 8 5 8
0 38 9 6 11
0 39 0 11
0 39 1 4 8 17
0 39 2 8 16
0 39 3 16
0 39 5 3 7
0 39 6 16 18
0 39 9 15
0 39 11 3
0 40 1 7 17
0 40 2 1 5 11 17
0 40 3 5 6
0 40 4 6 16
0 40 5 4 16 17
0 40 9 5
0 40 10 1 6 12 18
0 40 11 4 16
0 40 12 3 11
0 40 14 3 16
0 41 0 8 15
0 41 1 15 16
0 41 2 5 7
0 41 3 6 17
0 41 4 16 17
0 41 10 1 5 17
0 41 11 5 6
0 41 12 1 4 6
0 41 13 17
0 41 14 4 12
0 42 0 1 17
0 42 1 5 18
0 42 2 6 18
0 42 3 16 17
0 42 11 5 8
0 42 12 1 6
0 42 13 8
0 43 0 3 8
0 43 1 12
0 43 2 5 17
0 43 3 6 8 15
0 44 0 1 4
0 44 1 3 11
0 44 2 8 15
0 44 4 7 18
0 45 0 1 7
0 45 1 4 11
0 45 2 16
0 45 3 3 18
0 46 0 3 11
0 46 1 1 17
0 46 2 12
0 46 3 4 5
0 46 4 6 12
0 47 0 4
0 47 2 11 12
0 47 3 12 16
0 47 4 11 12
0 47 5 7
0 48 0 3 8
0 48 1 7 8
0 48 2 1 17
0 49 0 3 4
0 49 2 5
0 49 3 6 8
0 50 0 4 8
0 51 4 11
0 52 5 12
0 53 3 11
0 53 4 11
1 3 3 7 9
1 4 2 1 3 11 14 16
1 5 1 17
1 5 2 4 5
1 5 3 1 6
1 6 0 9
1 6 4 11 14
1 6 10 9
1 7 0 2
1 7 1 9 11
1 7 3 10 16
1 7 12 11 14
1 8 0 8 13
1 8 2 8 17
1 8 8 11
1 8 9 12 13
1 8 10 2 5
1 8 11 6 11
1 9 1 8 14
1 9 9 5 12
1 9 10 6 11
1 9 11 1
1 10 1 14
1 10 9 8
1 13 2 2 16
1 14 0 1 5 11
1 14 1 6 17
1 15 0 8
1 15 3 10 16
1 16 2 16 17
1 16 16 9
1 17 0 3 9
1 17 1 7 17
1 17 16 9
1 17 17 5 12
1 17 18 5 6
1 17 19 3 6
1 18 0 4 11
1 18 2 1
1 18 6 1
1 18 10 3 13
1 18 11 9
1 18 17 3 11
1 18 18 2 7 8 9 13 14 15 16
1 18 19 4 12
1 19 7 13
1 19 8 2 12
1 19 9 11
1 19 10 4 9
1 19 11 12
1 19 17 4 15 17
1 19 18 11
1 19 19 3 18
1 19 21 13 14
1 20 3 5
1 20 4 6 13
1 20 6 7 16
1 20 8 3 5
1 20 9 1 5 6 8 13 14
1 20 10 5 6 10
1 20 11 6
1 20 12 8 16
1 20 13 10 12
1 20 14 16
1 20 16 1 15
1 20 17 2 10 11 14
1 20 18 9 18
1 20 19 3 4
1 20 21 2 8
1 21 4 5
1 21 5 2 6 8 9 10 13 16 17
1 21 6 13
1 21 8 4 15
1 21 9 2 11
1 21 10 2 10
1 21 11 5 9 17
1 21 12 6 8 11
1 21 13 11 17
1 21 14 1 10
1 21 15 7
1 21 16 12 15
1 21 17 2 3 18
1 21 19 4
1 22 4 14 17
1 22 6 13
1 22 8 10 14
1 22 9 18
1 22 10 8 16
1 22 13 9
1 22 14 3 9
1 22 17 4 13 18
1 22 19 2
1 22 20 16
1 23 4 13
1 23 5 14
1 23 6 5 11
1 23 7 6 9
1 23 9 1 17
1 23 12 1 13
1 23 14 4 13
1 23 15 1
1 23 16 5 12
1 23 17 6 8 14
1 23 19 2 10 11 17
1 24 6 1 13
1 24 8 5 16
1 24 9 6 9
1 24 13 13
1 24 14 5 13
1 24 15 6 9
1 24 17 1
1 25 7 12 17
1 25 8 7 13
1 25 9 10
1 25 10 11 14
1 25 14 15
1 25 16 9
1 26 2 7
1 26 6 5
1 26 7 6 13
1 26 10 13 16
1 26 15 7 18
1 27 9 7 13 15 17
1 27 16 3 7 8 9 12 13
1 28 0 3 8 15
1 28 10 7 18
1 28 16 3 4
1 29 0 4 7
1 29 1 18
1 29 4 1
1 29 15 5
1 29 16 4 6
1 30 0 2 3
1 30 1 1 3
1 30 5 10 12
1 30 17 8
1 31 0 2 4 5 8
1 31 1 3 4 6 11 16
1 31 2 3 10 14
1 32 0 17
1 32 1 4
1 32 2 4 13
1 33 0 1 9
1 33 1 1 11
1 33 2 1 2
1 34 0 3 8
1 34 1 1 12
1 34 2 14 16
1 34 3 14
1 34 4 1 10
1 34 8 2 7 9
1 34 9 7
1 35 0 4 8
1 35 1 7 17
1 35 2 8 12 13 14
1 35 3 12 15
1 35 5 3 11
1 35 8 3 9
1 35 9 5 13
1 35 10 6 8 15
1 36 0 8 13
1 36 1 3 5 9
1 36 2 6 15
1 36 3 3 14
1 36 4 18
1 36 5 4 7
1 36 7 10 13
1 36 8 4 7
1 36 9 2 8 9 10 11 12
1 36 10 13 16
1 36 11 12 18
1 36 12 16
1 37 1 4 7 11 13
1 37 2 2 11
1 37 3 4 18
1 37 6 12
1 37 7 10 12
1 37 8 2 9
1 37 9 15 17
1 37 10 14
1 37 11 3 14 17
1 38 1 9 12
1 38 2 9 11
1 38 8 8
1 38 9 3 12
1 38 10 10 14 15 18
1 38 11 4
1 39 0 8 15
1 39 1 14 15
1 39 2 1
1 39 3 1 15
1 39 9 4 15
1 39 10 3 7 11
1 39 11 3 18
1 39 14 16
1 40 0 5 7 9
1 40 1 6 18
1 40 2 2 7 11 12 18
1 40 3 7 12 14
1 40 4 1 18
1 40 5 8 10
1 40 9 13
1 40 10 2 4 11 16 18
1 40 11 4 5
1 40 12 6 16
1 40 13 12 14 15 17
1 40 14 15 16
1 41 0 1
1 41 1 1 10
1 41 2 16
1 41 3 3 7
1 41 9 17
1 41 10 2 16
1 41 11 9 17
1 41 12 2 5
1 41 13 1 6 9 13 17
1 41 14 15 18
1 41 15 18
1 42 0 2 9
1 42 1 7 8 17
1 42 2 7 10
1 42 3 4 9
1 42 9 7 17
1 42 12 2 5
1 42 13 6 11
1 42 15 8 18
1 43 0 5 8 13
1 43 1 5 6
1 43 2 6 9
1 44 0 2 15
1 44 1 12 16
1 44 2 8 14
1 45 0 2 17
1 45 1 3 18
1 45 2 14 16
1 45 3 1
1 45 4 5 10
1 45 5 6
1 46 0 8 10
1 46 1 2 4 13 14 17
1 46 2 3 7
1 46 3 13 15
1 46 4 7 11
1 47 0 9 15
1 47 1 9 13
1 47 2 4 11 13
1 47 3 13 14
1 47 4 11 18
1 47 5 1 14
1 48 0 5 7
1 48 1 6 18
1 48 2 2 5
1 48 3 6 9 12 15
1 48 5 1 10
1 49 0 7 9
1 49 1 10 12
1 49 4 3 18
1 50 4 4 7
1 51 5 11 12 14 16
1 52 3 11
1 52 4 13 17
1 53 3 8
1 53 4 14 15
1 53 5 12 14
1 54 5 12 18
2 4 2 2 12
2 4 3 1 10 14
2 5 3 2 7
2 5 6 16
2 6 0 3
2 6 5 3 14 16 17
2 7 0 4 9
2 7 2 9 14
2 7 3 5 12
2 7 4 6 17
2 7 5 4
2 7 13 14
2 8 1 1 9
2 8 5 11
2 8 8 12 13
2 8 9 1 14
2 8 11 5 8
2 8 12 6 14
2 9 8 8 13
2 9 9 7 9
2 9 11 2 12 14 16
2 10 10 17
2 11 6 12
2 14 0 2 9
2 14 1 1 14
2 15 10 1
2 15 11 7
2 17 2 5 16
2 17 3 6
2 17 16 7 13
2 17 18 9 11
2 18 1 5 7 10 11 14 17
2 18 2 2 6
2 18 6 2 11
2 18 7 1
2 18 9 7 15
2 18 13 7
2 18 17 5
2 18 18 5 6 11 13 14 16
2 18 19 6
2 19 4 3
2 19 7 7 13
2 19 9 9
2 19 10 8 13 14 16 18
2 19 12 9
2 19 13 7 16
2 19 14 3 7
2 19 16 3 16
2 19 17 1 11 17
2 19 18 5 8 10
2 19 19 6 14
2 19 20 3 7 16
2 19 21 1 9
2 20 4 4 5
2 20 5 6 9
2 20 9 2 17
2 20 11 7 11
2 20 12 9 12 13 16 17
2 20 13 8 15
2 20 14 4 8
2 20 15 8 17
2 20 16 2 4
2 20 17 8
2 20 18 3 14
2 20 19 8 17
2 20 20 4 12
2 21 6 10
2 21 10 3 9 14 16
2 21 11 7 15 16 17
2 21 12 1 3 12 16
2 21 13 14
2 21 14 2 11 14 16 18
2 21 15 13
2 21 18 4 8
2 21 19 3 5 7 12
2 21 20 6
2 21 21 16
2 22 8 5
2 22 9 6 17
2 22 10 4 17
2 22 11 17
2 22 12 4 18
2 22 13 12 17
2 22 14 1 5 11
2 22 15 6 10
2 22 17 7 9
2 22 19 4 5
2 22 20 6 17
2 22 21 16
2 23 5 15
2 23 7 14
2 23 9 2 11
2 23 12 2
2 23 14 8
2 23 15 2 3 13 16
2 23 18 12
2 23 20 14 17
2 24 6 2 18
2 24 7 11 16
2 24 14 11 17
2 24 15 4
2 24 16 1 7
2 24 17 2 7
2 25 6 13 17
2 25 11 14
2 25 16 15
2 25 17 16
2 26 1 7 16
2 26 8 8 10
2 26 15 11
2 26 16 9 17
2 26 17 8 18
2 27 0 9 17
2 27 2 5 10
2 27 3 1 5 6 15 16
2 27 4 6
2 27 15 8 10 13
2 27 17 3 8
2 28 2 17
2 28 4 18
2 28 9 10 16
2 28 10 1 3 8 11 12
2 28 16 10 12
2 28 17 3 4 12
2 29 3 11 15
2 29 4 2 3 5 12
2 29 5 6
2 29 8 17
2 29 10 4 10
2 29 17 4 9
2 30 0 7 9 10
2 30 1 2
2 30 3 5 16
2 30 4 4 5 6 13 18
2 30 5 6 7
2 30 6 7
2 31 0 7
2 31 1 1 8
2 31 2 14 17
2 31 4 3 12
2 31 5 1 5
2 31 6 6 8
2 32 1 8
2 32 3 8 11
2 32 4 4 15
2 32 5 1 3
2 33 0 2 9
2 33 1 2 11
2 33 2 2 14
2 33 3 3
2 33 5 4 18
2 34 0 9 13
2 34 1 2 12
2 34 2 9 12
2 34 3 4 16
2 34 4 2 7
2 34 8 7 8
2 34 10 1 9
2 35 0 3 7 9 15
2 35 1 13
2 35 2 8 13 15 17
2 35 3 7
2 35 4 7 16
2 35 6 11 14
2 35 8 10
2 35 9 9 10
2 35 10 8 11
2 36 0 4 7
2 36 1 10 11 18
2 36 2 3
2 36 3 8 15 16 17 18
2 36 4 5
2 36 5 3 6
2 36 6 12 15
2 36 8 13
2 36 9 15
2 36 10 13 14
2 37 1 3
2 37 2 4 7 14 17
2 37 3 14
2 37 4 18
2 37 5 4 10 12 13
2 37 6 12 13
2 37 7 8 18
2 37 8 5 8 9 10 11
2 37 9 5 6
2 37 10 6 18
2 38 0 9 13
2 38 1 4 10
2 38 2 5 8
2 38 3 6 14
2 38 5 7
2 38 6 11 12
2 38 7 12
2 38 8 8 13
2 39 2 2 8
2 39 3 2 7
2 39 5 7 9
2 39 9 5 15
2 39 10 6
2 39 11 14
2 40 1 8 13
2 40 2 13
2 40 3 11 14
2 40 4 2 3
2 40 5 12
2 40 10 10 11 18
2 40 11 14 16
2 40 12 13
2 41 0 2 10
2 41 1 2 9
2 41 2 3 10
2 41 3 10
2 41 4 4 16
2 41 7 7
2 41 10 11 17
2 41 11 5 8 11 15
2 41 12 6 15
2 41 13 2 15
2 41 15 9
2 42 0 5 9
2 42 1 6 16
2 42 2 4
2 42 3 10 17
2 42 4 11
2 42 12 18
2 42 13 18
2 42 14 14 18
2 43 0 8 17
2 43 1 7 10
2 43 2 9 10
2 43 9 10 11
2 44 0 1 13
2 44 1 5 7
2 44 2 6
2 44 8 12
2 45 0 5 9
2 45 1 3 6
2 45 3 2 16
2 45 4 16
2 45 5 1 3
2 46 0 1 15
2 46 1 4 5 11
2 46 2 6 17
2 46 3 3 17
2 46 4 3 12
2 46 5 4 14
2 46 6 1 15
2 47 0 7
2 47 1 8 18
2 47 2 10 12 15 16
2 47 3 4 14
2 47 4 4 10
2 47 5 2 14
2 47 6 1
2 47 7 18
2 48 1 17
2 48 2 11 13
2 48 3 18
2 48 5 2 8
2 49 0 7 10 13
2 50 0 5 10
2 50 1 6 8 11
2 50 5 3 15
2 51 4 10 13
2 51 5 4
2 51 6 14 16 18
2 52 3 9 11
2 52 4 1 14
2 52 5 3 17
2 52 6 12
2 53 3 15
2 53 4 1 13
2 53 5 4 5 16
2 53 6 5 6
2 53 7 6
2 54 3 7
2 54 4 3 8 11 13 17 18
2 55 4 4 12
3 3 7 11
3 4 1 13
3 4 3 2 3
3 4 5 3 16
3 4 9 12
3 5 1 5 12
3 5 2 5 6
3 5 3 4 6
3 5 4 1 17
3 5 5 4 16
3 5 8 12
3 6 2 3 5
3 6 3 6 10
3 6 4 7 17
3 7 2 4 13
3 7 3 7 11
3 7 5 3
3 7 6 3 12
3 7 9 5 16
3 7 10 6 8 15
3 7 11 3 9
3 8 1 2 15
3 8 5 4 15 16
3 8 6 4 14
3 8 7 8 13
3 8 8 9 17
3 8 9 2 15
3 8 11 4 18
3 9 1 5 7
3 9 2 6 18
3 9 4 11 17
3 9 6 8 18
3 9 10 12 13 18
3 10 8 7 8
3 10 9 10 11
3 11 5 11 13
3 11 10 8
3 12 7 12 15
3 13 8 7 16 18
3 14 0 5 11
3 14 1 2 6
3 14 6 5
3 14 7 6 17
3 15 10 2 3
3 15 11 15 16
3 16 7 7 16
3 16 10 3 4 5 7 17
3 16 11 6 10 15
3 16 12 18
3 17 6 17
3 17 8 5 8
3 17 9 6
3 17 10 4 15
3 17 11 1 12
3 17 12 18
3 17 16 7 8
3 17 19 14
3 18 1 16
3 18 2 14
3 18 6 3 5
3 18 7 1 2 6 8 14
3 18 9 5
3 18 10 6 9
3 18 11 18
3 18 16 7 10
3 18 18 9
3 18 19 14
3 19 0 5 17
3 19 1 6 10
3 19 6 4 15
3 19 9 10
3 19 11 7
3 19 12 15
3 19 13 9 10
3 19 14 5 9
3 19 15 6 9
3 19 16 1 8
3 19 17 2 9
3 19 18 7 14
3 19 19 9 12
3 19 21 2 11
3 19 22 12 15
3 20 7 10 18
3 20 10 12
3 20 11 8 13
3 20 12 14
3 20 13 1 8 10 12 18
3 20 14 1 10
3 20 15 12
3 20 18 3 9
3 20 19 13
3 20 20 8 10
3 20 23 11 18
3 21 10 7
3 21 11 10 13
3 21 12 2
3 21 13 1 15
3 21 14 8 15
3 21 15 8 14
3 21 18 4 13
3 21 21 5 16
3 21 22 6 7
3 22 9 5
3 22 10 1 6
3 22 11 10
3 22 12 7 13
3 22 13 1 5
3 22 14 1 2 3 6 9 15 16 18
3 22 15 14 18
3 22 16 12 16
3 22 18 7 8
3 22 19 3 10
3 22 20 17
3 22 21 7 12
3 22 23 3 7
3 23 9 5 12
3 23 10 6 14
3 23 13 17
3 23 14 4
3 23 15 17 18
3 23 16 15
3 23 17 10 13 15
3 23 18 3 12
3 23 19 4 8
3 23 23 4
3 24 8 5 14
3 24 9 6 11
3 24 12 12
3 24 15 14
3 24 16 2
3 24 17 11 18
3 24 18 4 7 16 18
3 24 19 8
3 24 21 5 12
3 24 22 6 11 16
3 25 8 9
3 25 16 3 8 10
3 25 17 3 7 8 9 10 17
3 25 18 1
3 25 19 12
3 25 21 1 12 17
3 26 4 8 16
3 26 15 5 9
3 26 16 3 4 6 7 14 15
3 26 17 4 9
3 26 18 8
3 27 1 10
3 27 3 2 3 5 17
3 27 4 6 7 15
3 27 10 7 9
3 27 15 8 15
3 27 16 4 7
3 27 17 18
3 28 2 15
3 28 3 4
3 28 4 1 8
3 28 5 8 18
3 28 6 12
3 28 9 1 13
3 28 10 2
3 28 11 14
3 28 15 13
3 28 16 13 18
3 29 3 13 18
3 29 4 14
3 29 6 3 7 15
3 29 15 8
3 30 0 1 8
3 30 1 9 15
3 30 2 12 16
3 30 4 11 15
3 30 5 12
3 30 6 4 9
3 30 7 7 18
3 31 0 1 10
3 31 1 2 7 9 16 17
3 31 2 18
3 31 3 8 9 11 13
3 31 4 12 15
3 31 5 1 2 5 10 18
3 31 6 6 10
3 32 0 10 17
3 32 1 1 3
3 32 2 7 12
3 32 3 1 8
3 32 4 3 14
3 32 5 2 18
3 32 7 8 15
3 33 0 3
3 33 1 4 5
3 33 2 6 14
3 33 3 1 15
3 33 4 4 12
3 33 7 15
3 33 8 9 18
3 33 11 15
3 34 0 4 8 13 15
3 34 1 12 13
3 34 2 5 9
3 34 3 6
3 34 4 3 18
3 34 5 8
3 34 8 15 18
3 34 10 2 9
3 34 12 12 18
3 35 0 5
3 35 1 6 18
3 35 2 11
3 35 3 9
3 35 4 1 4 10
3 35 7 7 14
3 35 8 3 10
3 35 9 7 18
3 35 11 7 14
3 36 0 5 10
3 36 1 6
3 36 2 14 15
3 36 3 8 10
3 36 4 10 12
3 36 5 1 13
3 36 7 9 15
3 36 8 4 9
3 36 12 3
3 37 0 5 10
3 37 1 5 6
3 37 2 6 9
3 37 3 18
3 37 4 1 13
3 37 5 7 13
3 37 6 8
3 37 8 9 18
3 37 9 7 14
3 37 12 4 8
3 38 2 9 10 15
3 38 3 1
3 38 5 13
3 38 6 3 13
3 38 7 8 14
3 39 1 9 16
3 39 3 18
3 39 4 8
3 39 5 5 10 12
3 39 6 4 6
3 39 8 7 11
3 39 12 11 16
3 40 0 3 17
3 40 2 1 5
3 40 3 6 10
3 40 4 13 14
3 40 5 1 10
3 40 7 1 3
3 40 9 8 11
3 40 11 1 5 9 11 14 17
3 40 12 6
3 41 0 3 4
3 41 1 15
3 41 2 8
3 41 3 8 16
3 41 5 16
3 41 6 16
3 41 7 4
3 41 11 1 14
3 41 12 14
3 42 0 4 9
3 42 2 17 18
3 42 3 7 12
3 42 4 7 17
3 42 5 5 7 8 14 15 17
3 42 6 6 7
3 42 7 8 10
3 42 11 1 16
3 43 2 1 12
3 43 3 7 12
3 43 5 12
3 43 6 18
3 43 7 7 11
3 43 8 7
3 43 10 14 17
3 44 0 2 7
3 44 1 10 16
3 44 3 1 12
3 44 5 16
3 44 7 13 16
3 44 9 12
3 45 0 1 5 17
3 45 1 6 10
3 45 2 15 16
3 45 3 12 16
3 45 4 1 11 17
3 45 5 2 12
3 45 6 12 17
3 45 9 7
3 46 0 2 3
3 46 1 9 17
3 46 2 14 17
3 46 3 13 18
3 46 4 1 11 12 15 16
3 46 5 3
3 46 6 2 16
3 47 0 3 4 7
3 47 1 7 12 13 15
3 47 2 8 12
3 47 3 17
3 47 5 1 3 4 9 16 17 18
3 47 6 2 16
3 48 0 4 10
3 48 2 18
3 48 3 14
3 48 4 17
3 48 5 4 15 17
3 49 0 1
3 49 1 9
3 49 3 7
3 49 6 7 18
3 50 0 10 11
3 50 2 14 15
3 50 3 11
3 50 4 7 16
3 51 3 8 17 18
3 51 4 1 16
3 51 5 7
3 51 6 3
3 52 2 15
3 52 3 17
3 52 4 2 5 8 14 15 16
3 52 5 6 11 13 15
3 52 6 1 4
3 53 3 17 18
3 53 4 2 8 9
3 53 5 16 18
3 53 6 18
3 54 4 12 17
3 54 5 14
3 55 3 10 13
4 2 7 3 16
4 2 8 7
4 3 1 12 15
4 3 5 7
4 3 6 17
4 3 7 4 11
4 3 8 11 14
4 3 9 3 7 12 15
4 3 10 7
4 3 11 16
4 4 2 7 18
4 4 6 3 11
4 4 8 5 13
4 4 9 4 6
4 4 10 17 18
4 5 0 11 13
4 5 1 8 15
4 5 3 5 12
4 5 4 2 6
4 5 5 1 5
4 5 6 4 6
4 5 7 13 16
4 5 8 1
4 5 11 16
4 6 2 7 18
4 6 5 8 15
4 6 6 1 17
4 6 7 5 11
4 6 8 6 12
4 6 10 9 17
4 7 3 1 12
4 7 4 10 14
4 7 5 1 13 15
4 7 6 11 18
4 7 7 9 11
4 8 3 5 10
4 8 4 1 6
4 8 6 9 18
4 9 2 5 11
4 9 3 6 11
4 9 5 14 15
4 9 8 3 9
4 9 9 3 13
4 10 1 7 10
4 10 6 3 18
4 10 8 1 4
4 10 9 4 5
4 10 10 6 9 11 14
4 11 5 5
4 11 6 1 3 4 6 7 14 16
4 11 8 7 10
4 11 10 15
4 12 5 1 17
4 12 6 4 13
4 12 11 8 18
4 12 18 7
4 14 1 12 14
4 14 7 5 8
4 14 8 6 10
4 14 18 8 12
4 15 7 7 16
4 15 8 7
4 15 16 3 5
4 15 17 6 8
4 16 6 15 17
4 16 7 3 12
4 16 8 5 9 16
4 16 9 5 6
4 16 10 6
4 16 11 16
4 16 16 4 9
4 17 6 5
4 17 7 4 5 6 9 10 11 15 17 18
4 17 8 5 6
4 17 9 6
4 17 10 10 11 13 16 17
4 17 11 2
4 18 7 2 7
4 18 8 1 3 11 15 18
4 18 9 8 17
4 18 10 3
4 18 11 3
4 18 12 15
4 18 16 9 10
4 19 6 8
4 19 8 3 4
4 19 9 12 18
4 19 10 3 4 12
4 19 11 4 9
4 19 12 1 16
4 19 13 9 18
4 19 16 2 10
4 19 18 8 13
4 19 20 9 11
4 19 21 7 13
4 19 22 1 14
4 20 7 1 7
4 20 8 4 11
4 20 9 7 13
4 20 10 4 5
4 20 11 3 6 10 11 12 16 17
4 20 12 13
4 20 13 2
4 20 14 2 9 13
4 20 15 9 16
4 20 17 7
4 20 18 10
4 20 24 1 14
4 21 8 8
4 21 9 15 16
4 21 10 17
4 21 11 3 4 8
4 21 12 15
4 21 13 1 2
4 21 14 12 17
4 21 16 7
4 21 17 15
4 21 18 9 16
4 21 23 3
4 22 8 17
4 22 9 5
4 22 10 2 6 10 11 15 18
4 22 11 4
4 22 12 16
4 22 13 2 18
4 22 14 2 3
4 22 15 13
4 22 17 16 17
4 22 18 11 18
4 22 19 5 9
4 22 20 6 13
4 22 22 5 10 15 16
4 22 23 4 6
4 23 7 8 15
4 23 8 3 13
4 23 9 3 15
4 23 10 7 15
4 23 11 17 18
4 23 12 1 10
4 23 13 8
4 23 14 4
4 23 15 15
4 23 16 1 17
4 23 17 13
4 23 18 1 10
4 23 19 1 9 15 16
4 23 20 7 11
4 23 21 1 7 10 16 17
4 23 23 10 18
4 24 8 1 4 15 18
4 24 9 4 8
4 24 10 14 18
4 24 11 13 18
4 24 16 9 18
4 24 17 9
4 24 18 14 17
4 24 19 3 5
4 24 20 6 8 13 17 18
4 24 21 12
4 24 23 14
4 25 4 9
4 25 5 16
4 25 6 7
4 25 9 11 18
4 25 15 7 8
4 25 16 1 5
4 25 17 5 6
4 25 18 1 2 3 6 7 8 9 10 13 15
4 25 19 4
4 25 20 7 13
4 25 21 2 3
4 26 4 7 17
4 26 9 8
4 26 15 1 9
4 26 16 3 15
4 26 17 10
4 26 18 4 12
4 26 19 18
4 26 20 12
4 26 21 4
4 27 2 5
4 27 3 6 7
4 27 4 9
4 27 5 9
4 27 6 1
4 27 15 8 16
4 27 16 1 4 10 16
4 27 17 5 18
4 27 18 6
4 27 19 12
4 28 3 3 7
4 28 4 2 5 8 10 11 12
4 28 5 6 7 8 13
4 28 9 2 3
4 28 10 10
4 28 14 16 17
4 28 15 9 17
4 28 16 5 10
4 28 17 6
4 28 18 16
4 29 0 5 9
4 29 1 6 8
4 29 3 4
4 29 4 7 8
4 29 5 7 11
4 29 6 16
4 29 9 1 4
4 29 13 17
4 29 16 1 8
4 29 17 8 17
4 30 0 2 8
4 30 1 13
4 30 2 5
4 30 3 6 8 9 11
4 30 4 1 13
4 30 5 14 17
4 30 6 5 10
4 30 7 6
4 30 9 8 12
4 30 10 12
4 31 0 2 15
4 31 1 12 16
4 31 2 8 15
4 31 3 9 13
4 31 4 12 14
4 31 5 2
4 31 7 9 10
4 31 8 7
4 32 0 1 17
4 32 1 2 5 10 13 18
4 32 2 6
4 32 3 2 18
4 32 4 12 16
4 32 6 7
4 32 11 12
4 32 12 3
4 33 0 9 15
4 33 1 3 15
4 33 2 10
4 33 3 2 13 17
4 33 4 1
4 33 5 1 9
4 33 9 11
4 33 12 4 16
4 34 0 11 13
4 34 1 4 18
4 34 2 11 18
4 34 3 5
4 34 4 3 6
4 34 5 7
4 34 10 1 5 15
4 34 11 1 6 11 13 17
4 35 0 8
4 35 2 1 5 7
4 35 3 6 9 14
4 35 4 2 4
4 35 5 1 16
4 35 6 7
4 35 7 12
4 35 9 1 3
4 35 10 3 5
4 35 11 5 6 7 15 18
4 35 12 6 7
4 36 0 8
4 36 2 11
4 36 3 13
4 36 4 12 17
4 36 5 2 15
4 36 6 1 9
4 36 7 7 10
4 36 8 8 11 12
4 36 9 3 4 7 10 16
4 36 10 4 5
4 36 11 6 8 10 16
4 36 12 9 18
4 37 3 3 8 16
4 37 4 2 5
4 37 5 3 6 12 16
4 37 6 7 18
4 37 7 1 7 9 15 16
4 37 8 7 17
4 37 9 4
4 37 10 17
4 38 2 12 15 17
4 38 3 2 4
4 38 4 9 17
4 38 5 4 10
4 38 6 17
4 38 7 5
4 38 8 6 11 18
4 38 9 10 11
4 39 2 15 16
4 39 3 18
4 39 4 13 16
4 39 5 5
4 39 6 6 8
4 39 7 5 12
4 39 8 3 6
4 39 9 9 14
4 39 10 1
4 39 13 14
4 40 1 17
4 40 2 1 2 9
4 40 3 3 7 9 11 12 17 18
4 40 4 8 16
4 40 5 2 11
4 40 6 16
4 40 7 2 12
4 40 8 4 10
4 40 10 7 14
4 40 11 2 16
4 40 12 14 15
4 41 2 3 15
4 41 3 3 4 5 17
4 41 4 1 6
4 41 5 8 9 15 17
4 41 6 8
4 41 7 9 12
4 41 10 17
4 41 11 2 12
4 41 13 7 18
4 42 2 4 13
4 42 3 4 18
4 42 4 11
4 42 6 7 11 18
4 42 7 7
4 42 11 2 11
4 43 0 1 3
4 43 1 13 16
4 43 2 2 13
4 43 3 10 15
4 43 4 5 10 13
4 43 5 6 10
4 43 6 5 10
4 43 7 6
4 43 8 14
4 44 0 4 17
4 44 1 1 15
4 44 2 13 15
4 44 3 2 7 10
4 44 4 7 18
4 44 5 12
4 44 6 16
4 44 7 1 10
4 44 8 1 5 10 13
4 44 9 6
4 45 0 2 10
4 45 1 7 8
4 45 2 13 18
4 45 3 12 18
4 45 4 2 13
4 45 5 7 11 13 14 15 17
4 45 7 8 11
4 45 8 8 11 15 16
4 46 0 5
4 46 1 5 6 8
4 46 2 5 6 9 15
4 46 3 6 13
4 46 4 1 2
4 46 5 14
4 46 6 15 18
4 46 7 17
4 46 9 10 18
4 47 0 3 13
4 47 1 13
4 47 2 8 15
4 47 3 5 18
4 47 4 6
4 47 5 2 15
4 47 6 5
4 47 7 6 18
4 48 0 4 10
4 48 1 10 16
4 48 3 11 18
4 48 6 18
4 49 0 2 17
4 50 0 5
4 50 1 6 14
4 50 2 1 3
4 50 3 1 9 10 11
4 50 4 3 14
4 50 5 11 16
4 50 6 10
4 51 2 3 4 11 12
4 51 3 1 15
4 51 4 2 4 5 7 9 10 11 15 17
4 51 5 6
4 52 2 4
4 52 3 11 15
4 52 4 9 18
4 52 5 10 18
4 52 6 2 3 12 14 16
4 53 4 18
4 53 5 17
4 53 6 3 4
4 54 3 13
4 54 6 4
5 2 7 15
5 3 0 13 15
5 3 7 16
5 3 8 1 5 10 13 14 18
5 3 9 6 14
5 4 1 9 18
5 4 3 11 16
5 4 5 10 11
5 4 6 7 17
5 4 7 7 14
5 4 9 5 10
5 4 10 6 10
5 5 1 7 14
5 5 2 10 12 13 17
5 5 5 2 7 9
5 5 6 1
5 5 7 12
5 5 8 2 12
5 6 2 8 12
5 6 4 11
5 6 6 2 8 12
5 6 7 8 11 13
5 6 8 3 14
5 7 2 10 13
5 7 3 2 8
5 7 5 2 15
5 7 7 14
5 7 8 4 14
5 8 2 5
5 8 3 6 15
5 8 4 2 16
5 8 5 16
5 8 6 8 18
5 8 9 15
5 9 3 14 17
5 9 4 1 3 8 11 14 15 17 18
5 9 9 7 8
5 9 10 15 18
5 10 4 4
5 10 5 7 18
5 10 6 12
5 10 8 2 16
5 10 9 7 8
5 10 10 5 12
5 10 11 3 6 14 18
5 11 1 7 10
5 11 4 15
5 11 6 2 7
5 11 7 11 17
5 11 11 4 9
5 12 5 2 18
5 12 6 3 10
5 12 8 10 16
5 12 16 8
5 12 17 1 3
5 12 21 12
5 13 6 4
5 13 7 9 17
5 13 17 4 11
5 13 18 5 9 10
5 13 19 6 7
5 14 0 8 13
5 14 7 11
5 14 8 1
5 14 9 12
5 14 17 9 13
5 15 6 7
5 15 8 8
5 15 20 12 15
5 16 6 8 13
5 16 7 10
5 16 8 3 10
5 16 14 11
5 16 16 8
5 16 21 18
5 17 5 7
5 17 7 5 7 8 12
5 17 8 1 4 6 14
5 17 9 1 9
5 17 10 7 12
5 17 11 11 14
5 18 6 7 9
5 18 7 5
5 18 8 2 6
5 18 9 1 7 12 14 15
5 18 10 1
5 18 11 7
5 18 12 16
5 18 13 7 8
5 18 18 9 12
5 19 7 10
5 19 8 13
5 19 9 11 13 16
5 19 10 5 18
5 19 11 6 17
5 19 12 2 7 12
5 19 13 16
5 19 14 3
5 19 19 1
5 19 21 14 15
5 19 22 2 12
5 19 25 16
5 20 7 2 15
5 20 8 9 17
5 20 9 14
5 20 10 11 13
5 20 11 9
5 20 12 14 17
5 20 13 15
5 20 14 4 12
5 20 16 16
5 20 17 5 12
5 20 18 6 16
5 20 19 16
5 20 21 5 10
5 20 22 3 6 11 18
5 20 24 2 3 5 7 11 17
5 20 25 6 8
5 21 7 10 11
5 21 8 7 18
5 21 9 1 10
5 21 10 5
5 21 11 6 11
5 21 12 1 15
5 21 13 2 13
5 21 14 1 18
5 21 15 16 17
5 21 17 7 8 10 12 17
5 21 18 16 17
5 21 22 4 7
5 21 24 4 16
5 21 25 8
5 22 6 5
5 22 7 6 9
5 22 9 3 12
5 22 10 5
5 22 11 5 6 8 14
5 22 12 6
5 22 13 9 18
5 22 14 3 5 7 8 17
5 22 15 6
5 22 16 10 11
5 22 17 1 17
5 22 18 15
5 22 19 3 14
5 22 23 17
5 23 9 4 9
5 23 10 5
5 23 11 6 16
5 23 12 2 12
5 23 13 7
5 23 14 4
5 23 15 12
5 23 16 2 16
5 23 17 1 5
5 23 18 2 6
5 23 19 2 4 11 18
5 23 20 9
5 23 21 2 14
5 23 22 12
5 24 8 2
5 24 10 1 3 10 11 17
5 24 11 11
5 24 12 11 16
5 24 15 5 9 17
5 24 16 6
5 24 17 15
5 24 18 8 9
5 24 19 11 16
5 24 20 10 13 16
5 24 21 10
5 25 5 15
5 25 9 9 11
5 25 10 4 14
5 25 11 12 17
5 25 12 12
5 25 14 8
5 25 16 2
5 25 17 5 16
5 25 18 1 2 6 8 11 12 15 17 18
5 25 19 11 17
5 25 20 8
5 26 5 16
5 26 6 10 15 16 18
5 26 13 1
5 26 14 8 15
5 26 15 2 9 10
5 26 16 17
5 26 17 13
5 26 18 1 10
5 26 19 13 18
5 26 20 10
5 26 22 16
5 27 4 9 10 17
5 27 5 9 17
5 27 6 2 16
5 27 7 18
5 27 15 3 18
5 27 16 2 15
5 27 17 5 15
5 27 18 6 11 12 13 15
5 27 19 8 15 16
5 27 21 16 17
5 28 0 1 15
5 28 1 9 15
5 28 2 15
5 28 3 1 7 10 12 13
5 28 4 9
5 28 5 14 17
5 28 6 16
5 28 9 16
5 28 13 11
5 28 15 1 4 8
5 28 16 9 12
5 28 17 8 9 18
5 28 18 17 18
5 28 19 18
5 28 20 17 18
5 29 0 7 9
5 29 1 7 18
5 29 2 15 18
5 29 3 5 9 10 18
5 29 4 6
5 29 5 10 17
5 29 6 1 14
5 29 8 12 17
5 29 9 2 9
5 29 16 2 8
5 29 17 1 11
5 29 18 1 8
5 30 0 7
5 30 1 5 8
5 30 2 1 5 6 9
5 30 3 6 18
5 30 4 2 8 10 14
5 30 5 3 10
5 30 7 8
5 30 8 3 13
5 30 9 7 13
5 30 11 16
5 30 19 8 16
5 31 0 7 8 13
5 31 1 7 16
5 31 2 1 16
5 31 3 11 13
5 31 4 15
5 31 5 4 11
5 31 8 4 16
5 31 9 1
5 31 10 12 17
5 31 18 17
5 32 0 2 17
5 32 1 3 17
5 32 2 3
5 32 3 13
5 32 4 12 15
5 32 5 3 15 18
5 32 6 15 16
5 32 7 7 17
5 32 8 1 10
5 32 9 5 8
5 32 10 6 13
5 33 0 8
5 33 1 4 11
5 33 2 4 8
5 33 3 1 3
5 33 4 2 12
5 33 5 1 2 4 8 17 18
5 33 6 10 18
5 33 7 18
5 33 8 7
5 33 10 5 12 14
5 33 11 6
5 34 0 1 3 8 9
5 34 1 3 14
5 34 2 1 15
5 34 3 4 14
5 34 4 8
5 34 5 15
5 34 6 1 15
5 34 7 3 11
5 34 8 5 11
5 34 9 3 6
5 34 10 2
5 34 11 2
5 34 12 8 14
5 35 0 4 9
5 35 1 4 12
5 35 2 2 8
5 35 3 18
5 35 4 1 8
5 35 5 1 2 8 10
5 35 6 13 16 18
5 35 7 4 18
5 35 8 7 9 11
5 35 9 2 4
5 35 10 1 7
5 35 11 9
5 36 0 3 8
5 36 1 1
5 36 2 10 11
5 36 3 3 9 13 14
5 36 4 7 11
5 36 5 5 17
5 36 6 2 5 6 7 10 12 16
5 36 7 6 13
5 36 8 12
5 36 9 14
5 36 10 5 11
5 36 11 6 10
5 36 12 10
5 37 0 4
5 37 1 1 3
5 37 3 4
5 37 4 13
5 37 5 17
5 37 6 1 16
5 37 7 2 8 10
5 37 8 3 12
5 37 9 10
5 38 1 4 13
5 38 4 15
5 38 5 17
5 38 6 1 9 10 16
5 38 7 10 15
5 38 8 4 10
5 38 9 14
5 38 10 14
5 39 3 8
5 39 4 9
5 39 5 1 12 17 18
5 39 6 5 13
5 39 7 6 8
5 39 8 1 3 5 7 15 18
5 39 9 6
5 39 10 2 3
5 40 2 2 13
5 40 3 15
5 40 4 11 14
5 40 5 5 9
5 40 6 3 5 6 7 9 13 14 15
5 40 7 6
5 40 8 4
5 40 9 18
5 40 10 4 5 7 16
5 40 11 6 11
5 41 1 11
5 41 3 10 15
5 41 4 2 5 15 16 18
5 41 5 6
5 41 6 3 4 11 12 13
5 41 7 18
5 41 9 17
5 41 10 10 13
5 42 1 3
5 42 3 17
5 42 4 1 12 18
5 42 5 14 18
5 42 6 4
5 42 7 14
5 42 8 12
5 42 11 5 7
5 42 12 6 12 14
5 42 13 10
5 43 0 2 7
5 43 1 4 16
5 43 3 8
5 43 6 10 11 15
5 43 7 3 10
5 44 0 7 11 17
5 44 1 2 9
5 44 2 3
5 44 3 1 7
5 44 4 3 13
5 44 5 12
5 44 6 3
5 44 7 2 4 5 9 18
5 44 8 2 5 6 9 11
5 44 9 6
5 44 11 8
5 45 0 8
5 45 1 7 9
5 45 2 3 4 13 15
5 45 3 10
5 45 4 4 10 15
5 45 5 8
5 45 6 4 14
5 45 7 1
5 45 8 14
5 45 9 14
5 46 0 3 11
5 46 1 10 12
5 46 2 4 9
5 46 3 11 18
5 46 4 2
5 46 5 10 18
5 46 7 8
5 47 0 4
5 47 1 8
5 47 2 8 15
5 48 3 15 18
5 48 4 14 15
5 49 3 3
5 49 4 8 18
5 49 5 1 18
5 50 2 2
5 50 3 2 4 12
5 50 4 8 14
5 50 5 15
5 50 6 14
5 51 1 13 15
5 51 3 2 11 14
5 51 4 1 8
5 51 5 8 14
5 51 6 16 18
5 52 2 18
5 52 4 10 14
5 52 5 7 13 17
6 3 8 1 2 16
6 4 4 14
6 4 5 15 16
6 4 6 3 14
6 4 7 16 17
6 5 1 13 16
6 5 2 9 15
6 5 4 7 17
6 5 5 11
6 5 6 1 2 4 8 9 10 12 13 15 17 18
6 5 7 9 10 11 13
6 6 0 17
6 6 1 10 13
6 6 3 9 18
6 6 5 10 13 14 16
6 6 6 1 5
6 6 7 6 18
6 6 8 14 16
6 7 4 7 17
6 7 6 9 12
6 7 7 17
6 7 10 11 16
6 8 4 9
6 8 5 7
6 8 9 9 17
6 9 4 2 15
6 9 5 14
6 9 6 15
6 9 9 9
6 10 0 7
6 10 5 1 13 18
6 10 6 15
6 10 7 12 18
6 10 9 10 13
6 11 5 10
6 11 7 15 18
6 11 8 11 14
6 11 9 7 10
6 11 10 11
6 11 16 7 9
6 12 1 1 10
6 12 4 8
6 12 6 10
6 12 8 11 18
6 12 9 1
6 12 10 8 11
6 12 16 11
6 12 17 2
6 12 19 12
6 12 20 13 16
6 13 0 1 9
6 13 3 11 12
6 13 8 7
6 13 9 8 16
6 13 17 5
6 13 18 1 3 6 12 14
6 13 19 12 17
6 14 0 8
6 14 6 11
6 14 8 2 5 9 13 14 17
6 14 9 6
6 14 18 4 7
6 14 19 1 8 10
6 15 5 11
6 15 6 9
6 15 8 12
6 15 16 9 12
6 15 18 15
6 15 19 8 13
6 16 6 10 11
6 16 7 9
6 16 12 7
6 16 15 8 14
6 16 18 8 12
6 16 19 7 18
6 17 6 13 16
6 17 8 2 11
6 17 9 2 13
6 17 10 5 11
6 17 11 6 16
6 17 12 7 14
6 17 13 9
6 17 18 11
6 17 19 1 8
6 18 5 10 17
6 18 6 11
6 18 7 1 10
6 18 8 13
6 18 9 2
6 18 10 2 7 10 15 17
6 18 11 3
6 18 12 3 7 11
6 18 13 12
6 18 14 11 16
6 18 17 1 13
6 18 18 3 5
6 18 19 5 6
6 18 20 6 8 11 12
6 19 5 8
6 19 6 8 10
6 19 8 7
6 19 9 10
6 19 10 14
6 19 11 4 10 13 18
6 19 12 4 15
6 19 13 1 10 17
6 19 14 3
6 19 18 4 7 12
6 19 19 2 8
6 19 21 8 13
6 19 25 9
6 19 26 12 16
6 20 7 8
6 20 8 15
6 20 9 3
6 20 10 7
6 20 11 11 14
6 20 12 10
6 20 13 1 5 11 13 16 18
6 20 14 4 6
6 20 15 11
6 20 16 13
6 20 17 9
6 20 22 7
6 20 23 5 14
6 20 24 6
6 20 25 3 9 14 17
6 21 8 5 14
6 21 9 2 4 6 8 11 12 18
6 21 10 1
6 21 11 9 11
6 21 12 2 14 17
6 21 13 8 16
6 21 14 1 2 5 9
6 21 15 1 6
6 21 16 13
6 21 17 3 8
6 21 24 10 16
6 21 25 4 11
6 22 8 10 13
6 22 9 8
6 22 10 1 3
6 22 12 17
6 22 13 12 15
6 22 14 1 3
6 22 15 1 16
6 22 17 2 4 5 7 8 10 14 15
6 22 18 1 6
6 22 21 3
6 22 22 3 8 10
6 22 23 3 17
6 23 10 4 15
6 23 11 7 13
6 23 12 16
6 23 13 7 11
6 23 14 4 5 10 12 13 17 18
6 23 15 6
6 23 17 2 8
6 23 18 9 16 18
6 23 19 11 16
6 23 20 14 16
6 23 21 4 13 16
6 23 22 4
6 23 23 4 8
6 24 4 7
6 24 9 11
6 24 10 2
6 24 11 3 5 8 14 17 18
6 24 12 1 6 14 15
6 24 13 1 5 10 14 16
6 24 14 6 9 11
6 24 15 5 11
6 24 16 6
6 24 17 17
6 24 18 9 17
6 24 19 7 17
6 24 20 1 5 9 12 14 17
6 24 21 6
6 24 22 12 16
6 25 10 11 12 13 14
6 25 11 4 13
6 25 12 15 17
6 25 13 15 18
6 25 14 3 9
6 25 17 13
6 25 18 2
6 25 19 14
6 25 20 7 14
6 25 21 7 17
6 26 13 2 7 18
6 26 14 4 18
6 26 18 2 8
6 26 19 9 16
6 27 5 12 15
6 27 15 8 9 16
6 27 17 9 13
6 27 18 11 17
6 27 19 14
6 28 0 2 7
6 28 2 7 13
6 28 3 2 12
6 28 6 18
6 28 7 3 8
6 28 14 1 14 17
6 28 15 2 13
6 28 16 8 9
6 28 17 7 11
6 28 18 9 12 15
6 29 1 9
6 29 2 5 15
6 29 3 6 10
6 29 4 9
6 29 6 2 7
6 29 7 4 5 7 9 13
6 29 8 6
6 29 10 16
6 29 17 2 16
6 29 18 2 14
6 29 19 9 18
6 30 0 9 10
6 30 1 10 16
6 30 2 2
6 30 3 3 5 12 18
6 30 4 6
6 30 6 3 5
6 30 7 6
6 30 8 7 15
6 30 9 7 17
6 30 10 5 16
6 30 11 6
6 30 15 5
6 30 16 1 6 12 17
6 31 0 1 10 17
6 31 1 11 16
6 31 2 2 3
6 31 3 4
6 31 4 14
6 31 5 11
6 31 6 4 5 14 15 16
6 31 7 5 6
6 31 8 6
6 31 9 1 2 3 7 8 9 10 11 13 16 17 18
6 31 10 3 12
6 32 0 9 10 17
6 32 1 10 16
6 32 2 4 9 16
6 32 3 5 13
6 32 4 6
6 32 5 9 17
6 32 6 3 12
6 32 7 11 18
6 32 8 2 17
6 32 9 4 11
6 32 10 4 7
6 32 11 16
6 33 0 1 9 17
6 33 1 1 17
6 33 2 14 15
6 33 3 2 12 13
6 33 4 9 15
6 33 5 2 7
6 33 6 4 7 12
6 33 7 10 16
6 33 8 15 16
6 33 9 13 16
6 33 10 3 7 12 15 17
6 33 12 3 9
6 34 0 2
6 34 1 3 15
6 34 2 2 9 11
6 34 3 7 18
6 34 4 7 9
6 34 5 9 18
6 34 6 2 17
6 34 7 15 17
6 34 8 7 10 11 14 17
6 34 9 14 18
6 34 10 4 15
6 34 11 1 18
6 34 12 4
6 35 0 3 9 13
6 35 1 4 11
6 35 2 11 18
6 35 3 15 16
6 35 4 2 8
6 35 5 2 11
6 35 6 5 12
6 35 7 5 6
6 35 8 6 18
6 35 9 7 14
6 35 10 2 12
6 35 11 18
6 35 12 7 16
6 36 0 4 11
6 36 1 1 2
6 36 2 7 17
6 36 3 3 14
6 36 4 1 18
6 36 5 13 14
6 36 6 3
6 36 7 9 11 13 15 16
6 36 8 10
6 36 9 8
6 36 10 10
6 36 11 14 17
6 37 0 3 15
6 37 1 2 7
6 37 2 3 12
6 37 3 4 12
6 37 4 10
6 37 5 7 15
6 37 6 1 2 4 7 10 16 17
6 37 7 5 13
6 37 8 1 6 15 18
6 38 0 4 11
6 38 1 11 18
6 38 2 4 7
6 38 3 8 9
6 38 5 17
6 38 6 2 18
6 38 7 9 11
6 38 8 1 7
6 38 9 8 18
6 39 3 5
6 39 4 6 13
6 39 5 2
6 39 6 5
6 39 7 6 16
6 39 8 2 15
6 39 10 7 12
6 40 5 14 16
6 40 6 16 17
6 40 8 10
6 40 9 5 15 18
6 40 10 6
6 40 12 14
6 41 2 8 14
6 41 4 17
6 41 5 12 13 17
6 41 6 10 16
6 41 7 14
6 41 10 10 11 16 18
6 41 11 1
6 42 3 9 13
6 42 4 2
6 42 5 5 17
6 42 6 1 3 5 6 16
6 42 7 6 13
6 42 9 1 17
6 42 11 7 13
6 43 0 3 8
6 43 1 16
6 43 5 17
6 43 6 4
6 43 7 14
6 43 11 9 10
6 43 12 3 12
6 44 0 1 4 9 10 15 17
6 44 1 11 14
6 44 3 1 2 7
6 44 4 11 13
6 44 5 3 9
6 44 6 8 12
6 44 9 3 14
6 44 12 4 11
6 45 0 1 10
6 45 1 3 5 18
6 45 2 6
6 45 3 3 10
6 45 4 15 16
6 45 5 1 4 7
6 45 6 8
6 45 7 2 3 9 12
6 45 9 3 4
6 46 0 1 13
6 46 1 1 4 9 10 14 15 16
6 46 2 1 9
6 46 3 4 17
6 46 4 14
6 46 5 5 18
6 46 6 6 11
6 46 7 4 11
6 46 8 8
6 46 9 4
6 47 0 17
6 47 2 18
6 47 5 7
6 48 4 1 9
6 48 5 1 7
6 49 4 3 9
6 49 5 1 2
6 50 2 13
6 50 4 4 9
6 50 5 7 9
6 51 4 2 14
6 53 5 10
7 3 8 2
7 4 6 9
7 5 5 13
7 5 6 2 5 11 14
7 5 7 6
7 5 8 14
7 6 4 10 15
7 6 6 2
7 6 10 3 15
7 7 5 13 18
7 7 10 4 8
7 7 11 14 18
7 8 4 10
7 9 5 10 11
7 9 8 8 11
7 10 4 5 8
7 10 5 2 6
7 10 6 12 13
7 10 9 7
7 11 0 3 10
7 11 2 5 16
7 11 3 6
7 11 4 8 9
7 11 5 8 16
7 11 6 16
7 11 8 12 16
7 11 9 14 15
7 11 10 8 9
7 11 11 12 14
7 11 18 15
7 12 0 4 5
7 12 1 1 2 6 17
7 12 4 12 17
7 12 5 7 17
7 12 6 15
7 12 7 1 3 11 17
7 12 8 5 16
7 12 9 1 2 3 5 6 9 10 11 14 15
7 12 10 6 18
7 12 11 14 15
7 12 16 10 15
7 12 17 3 14
7 12 18 13 16
7 12 19 16 18
7 13 0 2 5 9 15
7 13 1 6 8
7 13 2 13
7 13 3 11 15
7 13 4 11 14
7 13 5 1
7 13 6 1
7 13 7 1 4 5 17 18
7 13 8 6
7 13 9 4 15
7 13 10 11 18
7 13 11 5
7 13 12 6 15 18
7 13 16 5 8
7 13 17 1 4 6 8 11 13 17 18
7 13 18 2 3 7 13 15 16 17
7 13 19 9
7 14 1 1 18
7 14 3 1
7 14 4 5 12 18
7 14 5 6
7 14 6 1 3
7 14 7 12 14
7 14 8 7 10 12
7 14 10 5 18
7 14 11 6
7 14 13 5 18
7 14 14 6 7
7 14 15 3 15
7 14 16 16
7 14 17 17
7 14 18 4 12
7 14 19 1 2 7 9 18
7 15 2 1
7 15 3 3 8
7 15 5 7 8
7 15 6 4 14
7 15 7 3 13
7 15 8 8
7 15 9 8 16
7 15 15 3 4 7 8 9 12 13 17
7 15 16 18
7 15 18 9 10
7 16 3 4
7 16 6 15
7 16 7 4 7 14
7 16 8 8 17
7 16 11 12
7 16 12 3
7 16 13 3
7 16 15 4
7 16 16 12 16
7 16 17 11 13
7 16 19 9 12
7 17 5 15
7 17 6 3
7 17 7 15 18
7 17 8 7 12
7 17 9 14 15
7 17 10 3 5
7 17 11 6 14
7 17 12 4 5 7 8 10 11 12
7 17 13 4 6
7 17 15 17
7 17 17 3 7
7 17 19 2 10 11 14
7 17 20 3 9
7 17 21 11 12
7 18 5 3 9
7 18 6 4 8 9 11 12 16 18
7 18 7 2 14
7 18 8 12 18
7 18 9 7 16
7 18 10 4 18
7 18 11 1 12
7 18 12 10 13 16
7 18 13 14
7 18 15 14 16
7 18 17 2 4
7 18 19 9 13
7 18 20 1 4
7 18 21 9 14
7 18 26 16
7 19 5 4 17
7 19 6 8
7 19 7 8 9
7 19 8 17
7 19 9 1 16
7 19 10 10
7 19 11 5 17
7 19 12 6 10
7 19 13 2 11 15
7 19 14 7 17
7 19 17 8 13
7 19 25 13 17
7 20 8 10 17
7 20 9 8 9
7 20 10 3
7 20 11 3
7 20 12 14
7 20 13 2 9
7 20 14 14 18
7 20 15 3
7 20 16 14 16
7 20 17 9 15
7 20 18 10
7 21 7 11
7 21 8 5 13
7 21 9 6 9
7 21 10 2 4 10 12 14
7 21 11 4 7
7 21 12 5 11 14
7 21 13 6 8
7 21 14 2
7 21 15 2 4 11 15 17
7 21 17 9
7 21 18 18
7 21 21 5 8
7 21 22 6 8 9 10
7 21 26 14
7 22 4 12
7 22 8 8
7 22 9 1
7 22 10 2
7 22 11 3 11
7 22 12 11 13
7 22 14 2 3
7 22 15 2
7 22 16 18
7 22 17 9 16
7 22 18 2
7 22 23 9 16
7 23 3 7
7 23 4 7
7 23 9 11
7 23 10 1
7 23 11 1 4 5 9 11 12
7 23 12 6
7 23 13 13 15
7 23 14 4 14
7 23 16 12 17
7 23 17 3 5 10 16
7 23 18 6 7
7 23 20 14
7 23 22 12 17
7 24 3 12
7 24 4 1
7 24 5 7 8
7 24 9 3 15
7 24 10 3 14
7 24 11 10 16
7 24 12 2 3
7 24 13 2 10
7 24 14 11 18
7 24 15 14
7 24 16 14 17
7 24 17 4
7 24 19 1 13
7 24 20 2
7 24 21 8 13
7 25 4 10 16
7 25 5 1 5
7 25 6 6
7 25 9 4 13
7 25 10 1 4 17 18
7 25 11 14
7 25 12 4 7
7 25 18 9
7 25 19 10
7 25 20 1
7 25 21 3 12
7 26 3 8 11 17
7 26 4 8
7 26 5 1 7 8 15 16
7 26 15 9 11
7 26 20 7 10
7 26 21 4 5 10 12 15 16
7 26 22 6 7
7 27 2 7
7 27 3 8 16
7 27 4 13 17
7 27 5 16
7 27 6 18
7 27 7 9
7 27 13 10
7 27 14 11
7 27 16 7 9
7 27 19 14 16
7 27 20 15 17
7 27 22 18
7 28 2 13 17
7 28 3 8
7 28 4 8 17
7 28 7 7 16
7 28 14 2
7 28 17 12 13
7 28 18 14 17
7 28 21 12 18
7 29 0 5 10
7 29 1 6 7
7 29 2 10 12
7 29 3 5 15
7 29 4 1 6
7 29 6 8 12 17
7 29 7 3
7 29 8 1 16
7 29 10 7
7 29 17 10 16
7 30 0 8
7 30 1 15
7 30 2 13 16
7 30 3 3 8
7 30 4 18
7 30 5 5 16
7 30 6 6 10 15 16
7 30 7 1 4 5 10 11 16 17
7 30 8 5 6
7 30 9 6 9
7 30 10 16
7 30 11 1 16
7 30 15 12 13
7 30 16 2 17
7 31 0 1 2
7 31 1 3 17
7 31 2 14 18
7 31 3 4 5
7 31 4 6 17
7 31 5 1 17
7 31 6 14 17
7 31 7 18
7 31 8 10 11
7 31 9 2 7 10 11 12 13 17
7 31 10 14 17
7 31 11 11 12
7 32 0 3 5
7 32 1 1 4 5 6
7 32 2 1 6
7 32 3 15
7 32 4 16
7 32 5 5 13
7 32 6 6
7 32 7 8
7 32 8 14
7 32 9 10
7 32 10 14
7 33 0 2 4
7 33 1 2 12
7 33 2 12 13
7 33 3 7 17
7 33 4 5 8 18
7 33 5 6 13
7 33 6 7
7 33 7 3
7 33 9 11 13
7 33 10 10
7 33 11 3
7 34 0 8
7 34 1 3 16
7 34 2 7
7 34 3 14 15
7 34 4 5 9
7 34 5 6 10
7 34 6 10 15
7 34 7 4 11
7 34 8 7
7 34 9 8 14
7 34 10 1 10
7 34 11 2 4
7 35 0 3 17
7 35 1 4 7
7 35 2 3 14
7 35 3 10 14
7 35 4 10 16 18
7 35 5 13 16
7 35 6 8 11 14
7 35 7 12 18
7 35 8 5 10
7 35 9 6 9 13 15
7 35 10 8
7 35 12 11 12
7 36 0 4 5
7 36 1 2 6 8 14
7 36 2 4 16
7 36 3 17
7 36 4 2 17
7 36 5 5 8 16
7 36 6 6 16
7 36 7 15
7 36 8 14
7 36 9 10
7 36 10 18
7 36 11 5 7
7 36 12 6 10
7 37 1 13 17
7 37 2 10 13
7 37 3 3 7 9 15
7 37 4 17
7 37 5 8 17
7 37 6 2
7 37 7 16
7 37 8 2 18
7 37 9 9
7 38 1 10 14
7 38 2 8 14
7 38 3 4
7 38 4 16 18
7 38 5 10 12
7 38 6 10 17
7 38 8 2 14
7 38 9 1
7 39 2 10 11
7 39 3 5 17
7 39 4 6 15
7 39 8 7 10
7 39 9 7 13
7 39 10 12 16
7 40 0 3
7 40 2 1 9
7 40 5 3 18
7 40 6 7 15
7 40 9 5 17
7 40 10 6 10
7 40 11 12
7 41 0 4 7
7 41 1 1 12
7 41 4 13
7 41 5 1 4
7 41 6 5 16
7 41 7 6 18
7 41 8 16
7 41 11 1 2 14
7 42 0 1 9
7 42 4 15
7 42 5 8 17
7 42 6 2 5
7 42 7 6 12 17
7 42 9 2
7 42 10 7
7 43 0 8
7 43 1 16
7 43 2 11 12
7 43 3 1 15
7 43 5 16 18
7 43 6 5 9
7 43 7 6
7 43 9 1
7 43 11 10 13
7 44 0 2 17
7 44 1 1 3
7 44 2 14 15
7 44 3 2 7
7 44 4 3 5 17 18
7 44 5 1 5 6 7 8 13 14
7 44 6 6 9
7 44 7 16
7 44 8 1
7 44 10 12
7 44 13 7 14
7 45 0 2 7 8
7 45 1 4 16
7 45 3 10 18
7 45 4 4 15
7 45 5 2
7 45 6 11 13 17
7 45 7 1
7 45 8 9 12
7 46 0 2 17
7 46 1 2 15
7 46 2 1 2
7 46 4 3
7 46 5 10 11 15 16 18
7 46 6 11
7 46 7 14 15
7 46 8 14
7 47 2 18
7 47 4 4 17
7 47 6 15 18
7 47 8 15 18
7 48 4 2 15
7 48 5 2 10
7 48 7 11 12 18
7 48 9 3 18
7 49 5 2 5 10 18
7 49 6 6
7 49 9 4 5
7 49 10 6 7
7 51 5 10
8 4 7 3 12
8 5 7 4 14
8 6 10 5 9
8 6 11 3 6
8 7 3 15
8 7 10 7 11
8 7 11 3 4
8 8 4 3 15 18
8 8 8 9
8 8 10 3 12
8 8 11 1 4
8 9 4 1 4 9
8 9 5 11 18
8 9 6 14 16
8 9 9 7 14
8 9 10 4 7 16
8 10 4 5 9
8 10 5 1 6 9 12 13 17
8 10 8 11
8 10 9 5 17
8 10 10 6 9
8 11 5 5 7
8 11 6 6 15
8 11 7 13
8 11 8 5 11
8 11 9 5 6 10 11
8 11 10 6 13 15
8 12 1 2 9
8 12 3 13 16
8 12 4 15
8 12 5 3 12
8 12 6 16
8 12 7 2 18
8 12 8 1 14
8 12 9 2 11
8 12 10 12 14
8 12 11 18
8 12 16 1 9
8 12 17 5 9
8 12 18 6
8 13 0 15
8 13 2 15 17
8 13 3 3
8 13 4 14 15
8 13 5 2 4 10 12 14 15 17 18
8 13 6 2 3
8 13 7 2 5
8 13 8 6 11
8 13 9 8
8 13 11 1 14
8 13 17 2 8
8 13 18 8 14
8 14 1 2 18
8 14 2 5 8
8 14 3 2 4 6 8 9 12 13 15 16 18
8 14 4 5 11
8 14 5 6 9 12 15 18
8 14 6 2 4 5 7 11 13 16 18
8 14 7 5 6 7 13
8 14 8 6 9
8 14 9 3 9
8 14 14 3 7
8 14 15 9
8 14 17 13
8 14 18 10
8 14 19 2
8 15 2 2 17
8 15 4 3 18
8 15 5 17
8 15 6 8 18
8 15 8 9 10
8 15 9 3 4
8 15 14 4 7 10 13
8 15 19 10
8 16 4 4
8 16 5 10
8 16 6 3
8 16 7 3 12
8 16 8 3 11
8 16 9 4 16
8 16 10 12 13
8 16 12 9
8 16 15 10 13
8 16 18 13 14
8 17 3 1
8 17 5 5 12
8 17 6 4 6 9 12
8 17 7 4 10 13
8 17 8 4 8 17
8 17 9 3 7
8 17 10 7 12
8 17 11 12 13
8 17 12 5 11
8 17 13 6 14
8 17 20 13 14
8 17 22 12 14
8 18 5 13
8 18 6 3 9 12 16
8 18 7 8 9 12 13 14 15
8 18 8 10 16
8 18 9 4 15
8 18 10 11 13
8 18 11 2 16
8 18 12 5 8 10
8 18 13 6 12
8 18 17 9 10
8 18 20 2
8 19 5 11 17
8 19 6 3 4 15 16
8 19 7 5 17
8 19 8 6 8 18
8 19 9 2 7 9 10
8 19 10 17 18
8 19 11 1 16
8 19 12 1 11
8 19 13 3 16
8 19 14 11 14
8 20 5 16 17
8 20 6 4
8 20 7 1 18
8 20 8 5 8
8 20 9 6 16
8 20 10 3 17
8 20 12 3 17
8 20 13 4 9
8 20 14 10 16
8 20 17 12 15
8 20 21 9 12
8 20 22 9 16
8 21 3 5
8 21 4 6 17
8 21 8 8 9 14 17
8 21 9 3 13
8 21 10 4 11
8 21 12 4 11
8 21 13 14 17
8 21 14 7
8 21 16 14
8 21 18 12 18
8 21 21 11 17
8 22 3 13 16
8 22 9 2 4
8 22 10 12 15
8 22 11 10 16
8 22 12 14
8 22 13 14
8 23 2 15 17
8 23 4 15
8 23 5 5 9
8 23 6 6
8 23 10 2 13 14 17
8 23 11 2 18
8 23 12 14
8 23 15 3 13
8 23 16 8 11 15
8 23 18 16
8 23 21 9 13
8 24 2 5 13
8 24 3 6 10 11 18
8 24 4 2 10 15
8 24 5 3 18
8 24 6 3 16
8 24 7 16
8 24 11 16
8 24 15 4 14
8 24 17 17 18
8 24 18 10
8 24 19 2 16
8 25 3 9 11
8 25 4 1 9
8 25 5 2 4 7 9 10 11 12 15 17 18
8 25 6 4 17
8 25 10 2 12 17
8 25 18 17
8 25 19 15
8 25 20 2 13
8 26 2 5 15
8 26 3 6 9
8 26 4 1 14
8 26 5 2
8 26 6 18
8 26 12 10
8 26 16 14
8 26 20 13 18
8 26 21 1 16
8 27 1 1 7
8 27 2 11
8 27 3 3 5 9 11 15 16 18
8 27 4 6 9
8 27 5 10
8 27 15 14 15
8 27 20 5 7 10 17
8 27 21 6 16
8 27 22 8 10
8 28 1 15
8 28 2 10 17
8 28 3 4 16
8 28 4 18
8 28 5 1 5
8 28 6 6 9
8 28 15 5 8
8 28 16 6 10 13 18
8 28 20 8 13 17
8 29 0 1 9
8 29 1 13
8 29 2 12 17 18
8 29 3 9 12 15 16
8 29 4 1 2 8
8 29 5 13
8 29 6 1 3
8 29 7 1 10
8 29 8 2 15
8 30 0 11 15
8 30 1 3 10 15
8 30 2 1 17
8 30 3 8 11
8 30 4 1 18
8 30 5 5 7 8 16
8 30 6 4 6
8 30 7 2 3
8 30 8 7 14
8 30 9 1 18
8 30 10 10 16
8 30 11 2
8 30 14 13
8 31 0 2 3
8 31 1 4 18
8 31 2 1 18
8 31 3 3 8
8 31 4 7 17
8 31 5 2 12
8 31 6 7 12
8 31 7 4 9
8 31 8 13
8 31 9 7 14 15 17
8 31 10 5 13 14
8 31 11 6
8 31 12 14
8 32 0 1 4 15
8 32 1 2
8 32 2 2 12
8 32 3 4 15
8 32 4 9 16
8 32 5 11
8 32 6 16
8 32 7 16
8 32 8 3 16
8 32 9 10 12
8 32 10 8 18
8 32 11 3
8 33 0 1 3 9 13
8 33 1 13 18
8 33 2 15 16
8 33 3 1 17
8 33 4 3 7 18
8 33 5 15 17
8 33 6 12 17
8 33 7 17
8 33 8 4 7
8 33 9 1 9
8 33 10 14
8 33 11 4 16
8 34 0 3 4
8 34 1 15 17
8 34 2 5
8 34 3 6 10 11 18
8 34 4 4 16
8 34 6 9 10 18
8 34 7 11
8 34 8 5 12 14 15
8 34 9 6 15
8 34 10 1 2 5 9 11 15 17
8 34 11 6
8 35 0 4
8 35 1 9 16
8 35 2 10 11 18
8 35 3 17
8 35 4 5 16
8 35 5 6 9
8 35 6 13 16
8 35 7 1 14
8 35 8 8 10
8 35 9 3 18
8 35 10 15 18
8 35 11 13 18
8 35 13 14
8 36 0 17
8 36 1 1 3 5 7 10
8 36 2 6 15
8 36 3 12 17
8 36 4 1 8
8 36 5 9 17
8 36 6 1 5 12 15 16
8 36 7 6 15
8 36 8 12
8 36 9 4
8 36 10 5 8
8 36 11 6 18
8 36 12 3 16
8 37 0 1
8 37 1 4
8 37 2 9 11
8 37 3 5 18
8 37 4 6
8 37 5 3 17
8 37 6 12
8 37 7 7 18
8 37 8 1 18
8 37 9 8
8 37 11 10 17
8 37 12 4 7
8 38 0 11
8 38 1 8 12
8 38 2 5 7 11 12
8 38 3 5 6 10
8 38 4 6 13
8 38 5 3 4
8 38 7 11
8 38 8 7
8 38 9 2 16
8 39 1 8 15
8 39 2 5 12
8 39 3 6 14
8 39 5 4
8 39 7 11 16
8 39 8 1 17
8 39 9 13 16
8 39 10 1 16
8 40 2 2 3 15 18
8 40 6 17
8 40 8 10 17
8 40 9 10 16 17
8 40 10 7 13
8 41 0 3 13
8 41 1 2
8 41 2 4
8 41 3 18
8 41 5 2 9
8 41 6 3 10
8 41 7 8 15
8 41 8 17
8 41 11 2
8 42 0 2 4 7 9 10
8 42 2 3 12
8 42 6 4 13
8 42 8 18
8 42 9 3 5
8 42 10 6
8 42 12 5 11
8 42 13 6
8 43 0 5 15
8 43 1 6 13
8 43 2 4 12
8 43 3 2 14
8 43 4 15
8 43 5 9
8 43 7 1 12
8 43 8 12
8 43 9 2 3 4 11 12 15 16
8 43 10 3 10
8 43 13 8 16
8 44 0 9 15
8 44 1 2 18
8 44 3 5
8 44 4 6 15
8 44 5 2 18
8 44 6 5
8 44 7 3 6
8 44 8 2 17
8 44 9 4 13
8 44 10 4 18
8 44 12 3 17
8 45 0 8
8 45 1 15 18
8 45 2 8
8 45 3 10
8 45 5 10 18
8 45 6 5
8 45 7 1 2 3 4 5 6 7 8 11 12 13 14 15 16
8 45 8 6
8 45 9 3 16
8 45 12 4 5
8 45 13 3 6 10 11
8 46 0 10
8 46 2 2 3 7 8 12 18
8 46 6 14 17
8 46 7 4 14
8 46 8 17 18
8 46 9 4
8 46 13 4
8 47 2 4 12
8 48 6 5 12 13
8 48 7 6 7
8 48 8 7 14
8 49 8 1 5
8 49 9 6 15
8 50 10 8 10 18
9 4 6 13
9 7 11 3 14
9 8 9 11 13
9 8 10 7 10
9 8 11 2 4
9 9 4 2 3 5
9 9 5 6
9 9 6 14
9 9 8 15
9 9 9 3
9 9 10 1 7
9 10 4 4 13
9 10 5 2
9 10 8 5 8
9 10 9 4 6 7 8 10 11 12 14 16 18
9 10 10 10 12
9 11 8 17
9 11 9 12 14
9 11 10 1 14
9 11 19 16
9 12 3 15
9 12 4 13
9 12 5 7 10
9 12 8 2
9 12 9 9 13
9 12 10 5 14
9 12 11 6
9 12 16 2
9 12 17 9
9 12 18 9 17
9 13 2 9
9 13 3 1 9
9 13 4 13 18
9 13 5 16
9 13 6 3
9 13 7 5 7
9 13 8 6
9 13 9 14
9 13 11 2
9 14 1 1 5
9 14 2 6 13 15
9 14 4 13 17
9 14 5 8 14 16
9 14 6 4 7 9 11
9 14 7 14
9 14 13 11 15
9 15 3 18
9 15 4 17
9 15 6 10
9 15 7 7 10
9 15 9 3
9 15 10 16
9 15 12 15
9 15 14 10 18
9 15 22 12
9 16 4 3 16
9 16 6 11 12 13
9 16 7 8
9 16 8 9
9 16 9 1 4 13 14 15 17
9 16 10 12
9 16 11 16
9 16 13 8 18
9 16 14 10
9 16 21 12
9 17 3 2 17
9 17 4 3 4 8 11 13
9 17 5 13
9 17 6 5
9 17 7 6 9
9 17 8 3 11 16
9 17 9 11 13
9 17 10 8 11 13 17 18
9 17 11 1
9 17 12 1 9
9 17 13 14
9 17 14 1
9 17 15 16
9 17 16 7
9 17 21 8 13
9 18 4 4
9 18 5 13
9 18 6 13
9 18 7 8 17
9 18 8 4 9
9 18 9 3 10
9 18 10 10 16
9 18 11 7 14
9 18 12 13
9 18 13 3 8
9 18 14 11 17
9 19 5 5 11
9 19 6 5 6 14
9 19 7 6 8
9 19 8 9 11
9 19 9 4 17
9 19 10 5
9 19 11 2 6
9 19 12 2 16
9 19 13 4 14
9 19 14 16
9 19 15 14
9 20 4 11
9 20 6 8 15
9 20 7 1 2
9 20 8 3 9
9 20 9 5 10
9 20 10 1 6
9 20 11 15 17
9 20 12 11
9 20 13 5 17
9 20 14 5 6 7
9 20 15 6
9 20 16 7 13
9 20 18 12
9 20 20 13
9 21 3 1
9 21 7 18
9 21 8 3 4
9 21 10 7
9 21 11 14 15
9 21 12 1 18
9 21 13 11 14
9 21 15 12
9 21 16 1
9 21 17 7 13
9 21 22 14
9 22 2 11
9 22 6 3 11
9 22 8 4 8
9 22 9 13
9 22 10 3
9 22 11 8
9 22 12 8 18
9 22 14 8 10
9 22 16 1 9
9 23 3 7 16
9 23 4 16
9 23 6 3 4
9 23 9 11
9 23 10 4 12
9 23 13 5 12
9 23 14 6
9 23 17 8 14
9 24 1 8
9 24 2 17
9 24 3 15 17
9 24 4 7 11 14 16
9 24 5 16
9 24 6 4 16
9 25 2 7 12
9 25 3 1 17
9 25 4 1 2 11 13 14 17 18
9 25 5 16 17
9 25 6 14
9 25 9 13
9 26 2 3 5
9 26 3 3 6 7 8 12
9 26 4 2 17
9 26 5 10
9 26 21 2
9 26 22 9
9 27 1 2
9 27 2 4
9 27 3 4 14
9 27 4 5 14
9 27 5 6
9 27 15 9 12
9 27 20 9 15
9 28 1 5 10
9 28 2 6 11 12 16
9 28 3 5 11
9 28 4 6 9
9 28 5 2 15
9 28 20 10 12
9 28 21 18
9 29 0 2 15
9 29 1 13 17
9 29 2 1 13
9 29 3 5 9
9 29 4 2 6
9 29 5 9
9 29 6 2 18
9 29 7 2 5
9 29 8 6 15
9 30 0 1
9 30 1 8 12 14 18
9 30 2 2 16
9 30 3 9
9 30 4 2 14
9 30 9 2 18
9 30 10 16
9 31 0 7
9 31 1 17
9 31 2 1 2
9 31 4 13
9 31 5 10 13
9 31 6 5 12
9 31 7 5 6
9 31 8 1 5 6 10
9 31 9 6 17
9 31 10 8 9
9 32 0 1 2 8 15
9 32 1 13
9 32 3 1 3
9 32 4 5 10
9 32 5 6
9 32 6 5 10 14
9 32 7 6 7
9 32 8 13
9 32 9 1 10 12
9 32 10 11 12
9 33 0 2 3
9 33 1 7 12 18
9 33 2 8 16
9 33 3 2 4
9 33 4 12
9 33 5 13 16
9 33 7 7
9 33 8 11
9 33 9 2 11
9 33 10 11 12
9 33 12 7
9 34 0 3 4
9 34 1 15 17
9 34 2 1 12
9 34 3 1 3
9 34 4 5 8 10 14 17
9 34 5 6 11
9 34 6 12
9 34 7 3 13
9 34 8 3 8 9 10 14
9 34 9 12
9 34 10 2 8
9 34 11 11 14
9 35 0 3 4
9 35 1 5 16
9 35 2 6 18
9 35 3 4 14
9 35 4 1 9
9 35 5 1 16
9 35 6 8
9 35 7 2 4 16
9 35 8 4
9 35 9 7 15
9 35 10 9 12 15
9 36 0 4 17
9 36 1 2
9 36 2 5 13
9 36 3 6 11
9 36 4 2 17
9 36 5 13
9 36 6 2 5 15 16 17
9 36 7 6 12 13
9 36 8 8
9 36 9 9 12
9 36 10 1 18
9 36 11 7 18
9 37 0 2 8
9 37 1 9 10
9 37 2 8
9 37 3 5 14
9 37 4 6 8
9 37 5 13 17
9 37 6 15
9 37 7 18
9 37 8 2
9 37 9 1
9 37 10 5 16
9 37 11 6
9 38 0 1 13
9 38 1 9 13 14
9 38 2 5 15
9 38 3 6 14
9 38 5 8
9 38 6 8
9 38 7 10 18
9 38 8 1 14
9 38 9 8 17
9 38 10 12 15
9 38 11 12 15
9 38 12 7 10
9 39 1 7 11 12 13 15
9 39 2 10
9 39 3 18
9 39 6 8
9 39 7 7
9 39 8 2 7 10 12 14
9 39 9 5 16
9 39 10 2 6
9 39 11 18
9 39 12 18
9 40 1 5 11
9 40 2 6 18
9 40 5 12
9 40 6 7 12
9 40 7 7 9 15
9 40 8 5 17
9 40 9 6 15
9 40 13 12 16
9 41 1 5 11
9 41 2 6 15
9 41 5 11
9 41 7 1 12
9 41 8 5 18
9 41 9 6 15
9 41 10 3 8 10 18
9 41 12 15 17
9 42 0 3
9 42 1 13 16
9 42 3 3 18
9 42 8 5 16
9 42 9 3 6 16
9 42 10 4 18
9 42 13 9 14 18
9 43 0 3 4 7 8 10 11 17
9 43 1 11 13
9 43 3 4 8
9 43 6 12 13
9 43 7 2 3 13 16 17
9 43 8 3 7 13 17
9 43 9 4
9 43 10 1 14
9 44 0 4 8 9
9 44 1 1
9 44 2 3 9
9 44 3 16
9 44 6 1 17
9 44 7 4 9
9 44 8 4
9 44 9 16
9 45 2 1 4 5 7 8 9 17
9 45 3 5 6
9 45 4 6
9 45 6 13
9 45 7 2
9 45 8 14 17
9 45 14 14
9 46 0 15
9 46 1 13 16
9 46 7 10 12
9 47 0 8 17
9 47 1 13 18
9 47 2 10
9 48 5 13
9 49 7 10
9 49 8 2 10
9 49 9 5
9 49 10 6 9
10 8 7 5
10 8 8 6 15
10 8 10 14
10 9 8 9
10 9 9 9 18
10 9 10 2 10
10 10 8 8 13
10 10 9 13 16
10 10 10 10 11 14
10 11 8 13 17
10 11 9 10 15
10 11 10 2 8
10 12 10 18
10 13 3 2
10 13 5 9 10
10 13 15 3 16
10 14 1 2
10 14 7 10 14
10 14 12 7
10 14 14 14 17
10 14 15 4 15
10 14 17 15 16
10 15 6 10
10 15 7 9 15
10 15 8 7
10 15 12 3
10 15 13 9 12
10 15 15 16
10 15 16 17 18
10 15 18 5 18
10 15 19 6 7
10 15 21 5 13
10 15 22 6 16
10 16 4 8 9
10 16 5 13
10 16 6 15
10 16 7 10 14
10 16 8 16 18
10 16 9 2 13
10 16 10 9 12
10 16 11 7 8
10 16 12 4 5
10 16 13 6 15
10 16 14 16 17
10 16 15 16
10 16 20 8 13
10 16 21 1 9 16 17
10 17 5 14
10 17 6 1 5
10 17 7 1 6 9 15 17 18
10 17 8 11 15
10 17 9 14
10 17 10 12 14
10 17 11 2 14
10 17 12 2
10 17 13 5 9 17
10 17 14 2 3 5 6 17 18
10 17 15 6
10 17 20 7 17
10 18 5 11
10 18 7 1 9
10 18 8 3 18
10 18 9 16 18
10 18 10 7 8
10 18 11 12 16
10 18 12 5 15
10 18 13 6 15
10 18 14 4 5
10 18 15 5 6 14 16
10 18 16 5 6 10
10 18 17 1 6
10 19 6 1 8 9 12 14
10 19 7 15
10 19 8 4 17
10 19 9 3 14
10 19 10 12 17
10 19 11 3 10
10 19 12 7 12
10 19 13 7 18
10 19 14 17 18
10 19 15 1 11
10 20 5 8 14
10 20 6 11 15
10 20 7 2 11
10 20 8 5 18
10 20 9 4 6 11
10 20 10 2 11
10 20 11 4 8
10 20 12 1 12
10 20 13 1 7 14
10 20 14 3 5
10 20 15 6
10 20 16 1 12
10 20 17 13 16
10 21 2 11 15
10 21 3 2 3
10 21 7 5 18
10 21 8 6 9
10 21 9 1 5
10 21 10 1 6
10 21 11 7 9 15 16
10 21 12 2 9
10 21 13 5 11
10 21 14 4 6 9 10 13 14
10 21 16 2 8 10 17
10 22 1 15
10 22 3 4 7 11 14 18
10 22 4 3
10 22 5 12
10 22 7 1 14
10 22 8 11
10 22 9 11
10 22 10 10 17
10 22 12 8 18
10 22 16 2 8
10 22 17 9 10
10 23 1 5 9
10 23 2 6 15 18
10 23 3 3
10 23 4 4 16
10 23 5 15 16
10 23 8 11
10 23 9 8 13 16
10 23 10 1 14
10 23 12 12 13
10 24 2 5
10 24 3 4 6 7 8 10 12 15 16 17 18
10 24 4 11 17
10 24 5 14
10 24 6 11 18
10 24 7 11 16
10 24 8 16 17
10 24 10 1
10 25 1 13
10 25 2 15 17
10 25 3 2 8 9 12
10 25 4 2 3 10 11 18
10 25 5 11 14
10 25 6 16 17
10 25 7 17
10 26 2 10 13
10 26 3 1 18
10 26 4 4
10 26 5 12 17
10 27 2 5
10 27 3 6 10 11
10 27 4 3 8
10 27 5 12
10 27 6 12
10 27 14 13
10 28 1 1 13
10 28 3 11 12 14
10 28 4 4 14
10 28 5 3 12
10 28 19 13
10 29 0 1 7
10 29 1 9
10 29 2 2 5
10 29 3 6
10 29 4 8 12
10 29 5 4
10 30 0 2 8 13
10 30 1 3 7
10 30 8 7
10 30 9 7
10 30 10 9
10 30 11 7
10 30 12 16
10 31 0 9
10 31 1 4
10 31 2 2
10 31 5 13
10 31 6 15
10 31 7 11
10 31 8 2
10 31 9 7 11
10 31 10 5 16
10 31 11 6 11 15 17
10 31 12 16
10 31 13 12
10 31 14 12
10 32 0 1 2 5 10
10 32 1 1 3 6 11 15
10 32 2 5 9
10 32 3 2 6
10 32 4 1 16
10 32 7 11 18
10 32 8 12 13
10 32 9 2 3 12 13 17
10 32 10 7 8
10 32 11 14 17
10 32 12 1 18
10 32 13 12
10 33 0 13
10 33 1 4
10 33 2 18
10 33 3 12 13 15 17
10 33 4 1 9
10 33 7 1 10
10 33 8 1 7 9 16
10 33 9 4 13 14
10 33 10 3 9 14
10 33 11 11 14
10 34 0 8
10 34 1 10 13
10 34 2 2
10 34 3 2 15
10 34 4 16 18
10 34 5 1 11 13
10 34 6 9 14
10 34 7 10 17
10 34 8 5 13
10 34 9 6 8
10 34 10 4 7
10 34 12 10 14
10 35 0 3
10 35 1 16
10 35 2 5 11
10 35 3 3 6 11 17
10 35 4 2 18
10 35 5 2 8
10 35 6 15 16
10 35 7 5 12
10 35 8 1 6 7 9 15
10 35 9 7 13 15
10 36 0 1 3 4 7 9 15 17
10 36 1 7
10 36 2 9 11 15
10 36 3 4 16
10 36 4 9 14
10 36 5 15 17
10 36 6 13
10 36 7 1 3 5 18
10 36 8 6 7 13 15
10 36 9 10 18
10 36 10 2 18
10 36 11 1
10 37 0 4 11 15
10 37 1 11 18
10 37 2 17
10 37 3 5 12 18
10 37 4 6 12
10 37 5 8 9 12 15
10 37 6 8 9 18
10 37 7 4
10 37 8 7 11
10 37 9 2 9 18
10 37 10 1 8
10 37 11 10
10 38 0 2 8
10 38 1 11 18
10 38 2 3
10 38 3 1 11
10 38 4 3 15
10 38 5 5 15
10 38 6 1 6 9 18
10 38 7 8
10 38 8 2 7 8
10 38 9 1 5 13
10 38 10 6 8 13
10 38 11 12
10 39 0 13
10 39 2 4 14
10 39 4 4 12
10 39 5 1 18
10 39 6 16 18
10 39 7 3 11 13
10 39 8 8 15
10 39 9 1 3
10 39 10 8
10 39 11 12
10 39 12 3 10
10 40 1 10
10 40 2 3 14
10 40 4 1 13
10 40 5 13 17
10 40 6 7 12
10 40 7 4 10
10 40 8 3 10
10 40 9 4 18
10 40 10 9
10 40 12 4 13
10 41 2 4 14
10 41 6 10 13 14
10 41 7 2 10
10 41 8 4 16
10 42 0 9
10 42 3 5 9
10 42 4 6 16
10 42 7 8 17
10 43 0 8 9
10 43 1 14
10 43 2 5 14
10 43 3 6 17
10 43 5 13
10 43 10 2
10 44 0 5 10
10 44 1 2 6
10 44 2 9 16
10 44 6 2 15
10 44 7 1 5
10 44 8 6 10
10 45 1 17
10 45 2 2 7 16
10 45 3 12 15
10 45 7 18
10 46 0 9
10 46 1 17
10 46 2 8 10 11
10 46 4 18
10 46 5 5
10 46 6 6 13
11 9 8 9
11 9 10 15
11 10 10 5 9
11 10 11 6 14 16 18
11 11 9 5
11 11 10 6 17
11 14 3 15
11 14 8 3
11 14 10 16
11 14 13 16
11 15 4 9 18
11 15 7 15
11 15 8 4 15
11 15 9 3 17
11 15 11 9
11 15 12 10 13 16 17
11 15 13 3
11 15 20 9 15 16
11 16 6 5
11 16 7 5 6
11 16 8 5 6 10 18
11 16 9 4 5 6 13 16 18
11 16 10 6 15
11 16 11 3 17
11 16 12 5 16
11 16 13 4 6
11 16 19 10 17
11 16 21 2 18
11 17 5 15
11 17 6 2
11 17 7 2 15
11 17 8 17
11 17 9 13 14
11 17 10 5 9
11 17 11 4 5 6 10 17 18
11 17 12 3 6
11 17 13 5 15
11 17 14 6 16
11 17 15 15
11 18 6 9 14 18
11 18 7 2 3
11 18 8 18
11 18 9 15 16
11 18 10 5 13
11 18 11 6 15
11 18 12 4
11 18 13 3 17
11 18 14 15 18
11 18 16 3 18
11 18 17 2
11 18 20 10
11 19 5 9 13
11 19 6 2
11 19 7 4 5
11 19 8 6 17
11 19 9 13 15
11 19 10 10 18
11 19 11 9 13
11 19 12 5 18
11 19 13 4 6
11 19 15 2 18
11 19 16 4 14 15 16
11 20 7 5 14
11 20 8 6 14
11 20 9 15 16
11 20 10 14 18
11 20 11 13 14
11 20 12 2 10
11 20 13 2 10
11 20 14 15 16
11 20 15 13 17
11 20 16 2 9
11 20 17 15 18
11 21 3 14 16
11 21 7 3 5
11 21 8 6 17
11 21 9 2 3
11 21 10 2 18
11 21 11 3 16
11 21 12 9 15
11 21 13 10 17
11 21 14 14 16
11 21 15 5 18
11 21 16 6 9
11 21 18 18
11 22 2 17
11 22 4 13 14
11 22 7 2 4
11 22 8 3
11 22 9 4 5 9 14 15 16
11 22 10 6 14 17
11 22 11 4 10
11 22 13 17 18
11 23 2 5
11 23 3 6 9 10
11 23 8 4 17
11 23 9 5 14
11 23 10 2 3 5 6 18
11 23 11 5 6 13
11 23 12 6
11 24 1 15
11 24 2 13
11 24 3 5 9
11 24 4 5 6
11 24 5 6 14 16
11 24 6 3
11 24 7 3 14
11 24 8 3 14 16
11 24 10 2 4
11 25 1 3 5
11 25 2 3 6 13 18
11 25 3 10
11 25 4 15 17
11 25 5 14
11 25 6 4 14
11 25 7 4 17
11 25 8 3 4
11 26 1 4
11 26 2 3 4
11 26 3 2
11 26 4 9 13
11 26 5 18
11 26 8 4
11 27 2 4
11 27 3 15
11 27 4 13 14
11 27 5 13 16
11 28 1 2
11 28 2 13 16
11 28 3 5 16
11 28 4 3 5 6 9 13 14 15 17 18
11 28 5 6
11 28 6 3 16
11 29 0 2 9
11 29 1 16 17
11 29 2 17
11 29 3 3 13
11 29 4 4
11 29 5 17 18
11 29 6 4
11 29 9 3
11 29 11 3 15
11 30 0 10 17
11 30 1 16
11 30 3 4
11 30 7 15
11 30 8 3 16
11 30 9 4 15
11 30 10 3
11 30 11 3 4
11 30 12 18
11 31 0 3 17
11 31 1 10 16
11 31 7 17
11 31 8 3 4 10 14 18
11 31 9 5 10
11 31 10 3 4 5 6 9 14 18
11 31 11 4 6 10 15
11 31 12 5 13 14
11 31 13 6 13
11 32 0 2 3 4 15 17
11 32 1 2
11 32 2 14
11 32 3 16
11 32 4 2
11 32 7 13 15
11 32 8 4 13 14
11 32 9 10
11 32 10 4 16
11 32 11 5
11 32 12 2 6 13 15 18
11 33 0 4 9
11 33 1 15 18
11 33 2 13 17
11 33 3 16
11 33 4 2 16
11 33 7 2 16
11 33 8 2 16 18
11 33 9 9 15 17
11 33 10 10 16
11 33 12 14
11 33 13 18
11 34 1 5
11 34 2 3 6 16 17 18
11 34 3 15 17
11 34 5 2 9
11 34 6 14 17
11 34 7 3 17
11 34 8 3 10 15
11 34 9 17
11 34 10 18
11 35 0 5
11 35 1 6 17
11 35 2 4 16
11 35 3 3 14
11 35 4 14 18
11 35 5 3
11 35 6 13
11 35 7 4
11 35 8 2 4
11 35 9 18
11 35 10 3 10
11 36 0 2
11 36 1 17
11 36 2 16
11 36 3 4 14
11 36 5 4 9
11 36 6 9 16
11 36 7 2 3
11 36 8 10
11 36 9 10
11 36 10 4 9
11 36 11 2 16
11 37 0 9 10
11 37 1 3 10 14 16 17
11 37 2 13 14
11 37 3 13
11 37 4 5 13
11 37 5 6 17
11 37 6 16
11 37 7 4 9
11 37 8 9 10
11 37 9 3 14
11 37 10 2 9 17
11 37 11 3 16
11 38 0 17
11 38 1 4 15
11 38 2 14
11 38 3 2
11 38 4 14 15
11 38 5 5 17
11 38 6 2 6
11 38 7 3 16
11 38 8 9 10
11 38 9 2 4
11 38 10 3 9 13 15 17
11 38 11 4
11 39 2 16 18
11 39 3 5 13
11 39 4 6 16
11 39 5 2 15 16 18
11 39 6 15 17
11 39 7 4 16
11 39 8 10 14 15
11 39 9 2 16
11 39 10 4 13 16
11 39 11 15 18
11 40 1 17
11 40 3 15 17
11 40 4 2 17
11 40 5 13 16
11 40 6 17 18
11 40 7 5 18
11 40 8 6 17
11 40 9 17 18
11 40 12 18
11 41 4 17 18
11 41 6 5 10
11 41 7 6 9
11 42 0 9
11 44 7 2
11 45 2 9 13
11 45 3 3
11 46 2 10 16
11 46 3 4 14
11 47 1 17