UCS
48 181 5
35 29 0
14 21 3
2135
2 38 1 1 15
2 38 3 7 15
2 39 2 5 18
2 39 3 6 15
2 39 4 3 18
2 40 4 4 18
3 37 4 3 16
3 38 1 1 2
3 38 2 12 16
3 38 3 16 17
3 38 4 4 12
3 39 0 5 15
3 39 1 6 17
3 39 2 11 17
3 39 3 7 10
3 40 1 7 18
3 40 2 5 12
3 40 3 6 15
3 41 4 1 18
4 24 4 7 12
4 31 2 5 7
4 31 3 6 8
4 33 2 8 15
4 34 2 3 12
4 34 3 5 18
4 34 4 6 16
4 35 2 1 4
4 35 3 12 17
4 38 1 2 13
4 38 3 7 13
4 39 3 7 14
4 40 1 5 13
4 40 2 6 16
4 40 3 8 10
4 40 4 3 8
4 41 1 10 17
4 41 4 2 4
5 24 2 12 15
5 24 3 8 13
5 25 1 8 15
5 25 3 7 18
5 25 4 10 12
5 26 2 1 18
5 30 2 1 3
5 30 3 9 12
5 31 2 1 4
5 32 2 9 10
5 34 1 1 13
5 35 2 2 13
5 38 4 1 7
5 39 3 9 10
5 39 4 8 9
5 40 3 8 10
6 22 4 3 12
6 23 3 5 9
6 23 4 4 6
6 24 1 9 13
6 25 0 7 11
6 25 3 7 13
6 26 2 2 12
6 26 3 8 10
6 28 4 3 8
6 29 4 3 4
6 30 2 2 13
6 30 3 11 16
6 30 4 1 4
6 31 2 2 17
6 34 1 2 5
6 34 2 1 6
6 34 3 7 15
6 35 3 5 16
6 35 4 6 18
6 36 2 12 17
6 36 3 5 11
6 36 4 6 8
6 38 2 3 7
6 38 4 2 9
6 39 2 4 11
6 39 3 9 11
6 39 4 8 10
7 21 3 3 12
7 22 3 4 13
7 25 1 3 14
7 25 3 8 9
7 26 0 3 10
7 26 1 4 13
7 26 2 3 15
7 26 3 7 10
7 27 0 4 15
7 27 2 4 8
7 27 3 12 18
7 27 4 8 9
7 28 1 16 18
7 29 0 8 17
7 30 4 2 14
7 33 1 3 15
7 34 1 4 16
7 34 2 2 18
7 35 0 15 17
7 35 3 10 16
7 35 4 9 12
7 36 1 13 18
7 36 2 11 17
7 36 4 7 14
7 37 3 5 12
7 37 4 3 6
7 38 3 7 15
7 38 4 4 9
7 39 2 8 10
7 39 3 1 14
7 39 4 14 18
8 21 2 13 15
8 22 3 16 18
8 23 2 11 17
8 24 3 3 9
8 25 3 4 15
8 26 1 5 16
8 26 2 6 9
8 26 4 9 18
8 27 0 7 17
8 27 2 5 13
8 27 3 6 10
8 28 0 9 11
8 35 3 13 15
8 36 3 7 14
8 36 4 8 18
8 37 1 8 11
8 37 2 12 13
8 37 4 7 10
8 38 2 5 9
8 38 3 6 12
8 38 4 3 12
8 39 3 2 10
8 39 4 4 7
9 9 4 12 16
9 10 3 1 17
9 23 3 5 14
9 23 4 6 8
9 28 0 5 10
9 28 1 6 14
9 35 4 9 16
9 36 1 3 9
9 36 3 16 17
9 37 1 4 13
9 37 2 14 17
9 37 3 10 16
9 38 2 13 17
9 38 3 8 13
9 38 4 1 10
9 40 3 1 8
9 40 4 1 10
10 8 3 1 3
10 9 3 4 13
10 10 3 2 7
10 11 3 1 7
10 22 4 1 9
10 23 1 8 16
10 24 0 8 17
10 25 0 7 8
10 37 3 9 15
10 38 4 2 18
10 39 3 9 11
10 39 4 3 16
10 40 3 2 17
10 40 4 2 4
11 8 3 1 2
11 11 3 2 10
11 12 3 10 11
11 19 2 11 16
11 20 0 1 5
11 20 1 6 17
11 20 3 3 7
11 21 2 7 12
11 21 3 4 8
11 22 0 1 15
11 22 1 1 9
11 22 2 1 5
11 22 3 6 11
11 22 4 2 12
11 23 0 8 9
11 23 1 7 18
11 24 0 7 9
11 25 1 7 15
11 25 3 1 11
11 26 0 5 10
11 26 1 1 6
11 26 2 8 18
11 28 4 7 8
11 29 2 12 16
11 30 0 1 7
11 30 1 1 17
11 30 3 12 16
11 31 1 5 7
11 31 2 6 17
11 37 0 7 15
11 38 1 7 18
11 39 4 8 14
12 8 3 2 15
12 9 4 12 18
12 11 3 8 11
12 12 4 7 14
12 15 3 8 12
12 15 4 1 16
12 16 3 16 17
12 17 0 1 15
12 17 2 1 17
12 18 0 1 8
12 18 1 11 18
12 18 3 12 15
12 19 1 15 16
12 19 3 8 14
12 19 4 1 18
12 20 0 2 17
12 20 1 3 5
12 20 2 6 18
12 20 3 7 9
12 20 4 7 16
12 21 1 4 13
12 21 2 8 11
12 21 3 10 17
12 22 0 2 9
12 22 1 1 2
12 22 2 2 10
12 22 3 3 13
12 22 4 14 16
12 23 2 7 16
12 23 3 4 17
12 23 4 1 7
12 24 1 10 17
12 24 3 3 16
12 25 0 10 11
12 25 2 9 17
12 25 3 2 4
12 25 4 3 14
12 26 1 2 10
12 26 3 12 15
12 26 4 4 8
12 27 2 3 15
12 27 4 9 18
12 28 1 12 15
12 28 2 4 16
12 28 3 5 18
12 28 4 6 8
12 29 1 13 17
12 29 2 7 18
12 29 3 5 7
12 29 4 6 10
12 30 0 2 8
12 30 1 2 11
12 30 2 8 13
12 31 0 5 10
12 31 1 5 6
12 31 2 6 7
12 32 1 1 10
12 36 3 3 12
12 37 3 4 7
12 38 0 8 10
12 38 2 1 3
12 38 3 5 12
12 38 4 6 9
12 39 1 5 10
12 39 2 4 6
12 40 3 1 5
12 40 4 6 8
13 9 3 1 13
13 10 3 5 9
13 10 4 6 8
13 11 4 7 14
13 12 3 5 8
13 12 4 3 6
13 13 4 4 10
13 14 3 5 9
13 14 4 3 6
13 15 2 11 13
13 15 4 2 4
13 17 0 2 9
13 17 2 2 8
13 18 0 2 5
13 18 1 3 6
13 18 2 13 14
13 18 3 9 11
13 19 1 1 4
13 19 2 5 8
13 19 3 3 6
13 19 4 2 3
13 20 2 3 9
13 20 3 4 5
13 20 4 4 6
13 21 1 11 12
13 21 2 4 16
13 21 3 10 14
13 21 4 10 16
13 22 0 1 3
13 22 1 2 17
13 22 3 5 17
13 22 4 6 16
13 23 0 4 11
13 23 3 5 17
13 23 4 2 6
13 24 1 5 12
13 24 2 6 10
13 24 3 3 11
13 24 4 10 12
13 25 1 7 14
13 25 3 4 16
13 25 4 1 9
13 26 2 13 17
13 27 4 9 16
13 28 0 13 15
13 28 3 12 17
13 28 4 3 8
13 29 0 8 9
13 29 1 16 18
13 29 2 9 16
13 29 4 4 16
13 30 0 15 17
13 30 1 8 17
13 30 2 10 14
13 30 3 10 17
13 31 0 3 8
13 31 1 3 18
13 31 4 3 7
13 32 0 4 11
13 32 1 2 4
13 32 2 10 11
13 32 4 4 16
13 33 3 8 17
13 35 3 12 16
13 36 2 13 17
13 37 0 5 9
13 37 1 6 12
13 38 2 2 13
13 38 3 10 15
13 39 3 11 12
13 39 4 9 18
13 40 3 2 11
14 8 3 1 5
14 8 4 6 7
14 9 3 2 5
14 9 4 6 9
14 10 4 3 16
14 11 3 9 17
14 11 4 1 4
14 12 4 3 10
14 13 4 3 4
14 14 3 5 11
14 14 4 4 6
14 15 3 5 14
14 15 4 6 12
14 16 2 5 9
14 16 3 3 6
14 17 2 7 8
14 17 3 4 11
14 17 4 1 12
14 18 1 7 16
14 18 2 1 9
14 18 3 5 8
14 18 4 6 14
14 19 0 3 17
14 19 1 1 2
14 19 4 1 16
14 20 0 4 8
14 20 3 11 17
14 20 4 1 16
14 21 0 13 15
14 21 2 14 15
14 21 3 5 17
14 21 4 6
14 22 0 2 8
14 22 1 8 18
14 22 3 15 18
14 22 4 3 16
14 23 1 12 14
14 23 3 8 17
14 23 4 4 18
14 24 0 7 13
14 24 3 7 13
14 24 4 8 14
14 25 3 1 11
14 25 4 2 8
14 26 0 1 3
14 26 1 1 10
14 27 0 1 4
14 27 1 8 15
14 27 3 1 15
14 27 4 9 16
14 28 0 5 9
14 28 1 6 7
14 28 2 13 18
14 28 3 5 17
14 28 4 6 18
14 29 0 3 15
14 29 1 1 9
14 29 2 7 16
14 29 3 3 7
14 30 0 4 9
14 30 1 17 18
14 30 3 4 15
14 31 1 5 7
14 31 2 6 8
14 31 3 11 15
14 31 4 12 18
14 32 0 1 5
14 32 1 6 14
14 32 3 9 14
14 32 4 10 18
14 33 2 8 12
14 35 2 7 13
14 36 0 1 5
14 36 1 6 16
14 37 0 13 17
14 38 4 1 7
14 39 2 5 13
14 39 3 6 8
14 39 4 7 14
14 40 4 8 14
14 43 4 8 16
14 44 3 1 17
14 44 4 8 12
15 8 2 5 16
15 8 3 2 6
15 9 1 12 17
15 9 4 10 12
15 10 3 11 12
15 11 3 1 8
15 11 4 1 2
15 14 4 14 16
15 15 3 13 17
15 16 2 7 9
15 17 0 1 11
15 17 3 9 13
15 17 4 2 14
15 18 1 7 15
15 18 2 2 10
15 19 0 7 9
15 19 1 2 10
15 19 2 11 18
15 19 4 2 8
15 20 1 1 8
15 20 4 2 14
15 21 0 9 11
15 21 1 8 9
15 21 3 11 15
15 21 4 1 16
15 22 0 1 3
15 22 3 9 17
15 22 4 16 18
15 23 0 4 13
15 23 3 15 17
15 23 4 8 9
15 24 3 11 15
15 24 4 9 18
15 25 0 3 10
15 25 3 2 10
15 25 4 14 18
15 26 0 2 4
15 26 1 2 9
15 27 0 2 15
15 27 3 2 7
15 27 4 12 16
15 28 1 12 18
15 28 2 11 15
15 28 3 5 17
15 28 4 6 16
15 29 1 2 10
15 29 3 17 18
15 30 2 9 10
15 30 3 5 10
15 30 4 3 6
15 31 0 1 5
15 31 1 6 16
15 31 2 5 7
15 31 3 6 13
15 31 4 4 14
15 32 0 2 17
15 32 1 5 10
15 32 2 6 9
15 33 1 12 13
15 36 0 2 11
15 36 1 5 11
15 36 2 6 10
15 37 2 3 15
15 38 2 4 11
15 38 3 9 18
15 38 4 2 12
15 39 4 9 10
15 40 4 10 16
15 41 3 11 17
15 42 4 1 9
15 43 3 1 5
15 43 4 6 9
15 44 3 2 13
16 8 3 8 16
16 9 0 11 13
16 9 2 15 17
16 9 3 7 13
16 9 4 1 3
16 10 1 1 3
16 10 2 13 16
16 10 3 9 18
16 10 4 4 14
16 11 1 4 17
16 11 3 2 5
16 11 4 2 6
16 14 4 3 12
16 15 4 4 12
16 16 2 11 12
16 17 0 2 11
16 17 1 8 14
16 17 2 10 11
16 18 1 1 11
16 18 2 3 11
16 18 4 1 9
16 19 1 9 10
16 19 2 3 4
16 19 3 14 16
16 20 0 10 15
16 20 1 2 9
16 20 2 4 17
16 20 3 5 12
16 20 4 6 12
16 21 1 14 18
16 21 4 2 14
16 22 0 2 8
16 22 4 3 9
16 23 3 8 12
16 23 4 4 7
16 24 4 12 14
16 25 2 1 15
16 26 2 8 15
16 26 3 16 18
16 27 2 7 17
16 27 3 13 18
16 28 0 13 15
16 28 2 8 15
16 28 3 10 14
16 29 1 8 18
16 29 3 12 18
16 30 1 1 16
16 31 0 2 17
16 31 1 15 16
16 31 3 1 12
16 32 0 7 17
16 32 2 10 18
16 33 0 1 13
16 36 1 5 14
16 36 2 6 14
16 38 3 13 14
16 41 4 1 14
16 42 3 3 12
16 42 4 2 8
16 43 3 2 4
17 7 3 9 15
17 8 3 5 11
17 8 4 6 18
17 9 0 5 7
17 9 1 6 14
17 9 3 3 15
17 9 4 2 8
17 10 1 2 12
17 10 3 4 10
17 10 4 7 18
17 11 4 1 16
17 12 3 3 17
17 13 3 3 4
17 14 3 4 13
17 15 3 12 13
17 16 1 9 13
17 16 3 14 16
17 17 1 3 14
17 17 2 5 17
17 17 3 6 14
17 18 0 3 11
17 18 1 2 4
17 18 2 14 15
17 18 3 1 14
17 18 4 2 3
17 19 0 4 15
17 19 1 8 16
17 19 3 5 18
17 19 4 4 6
17 20 0 8 17
17 20 1 3 18
17 20 2 13 16
17 20 3 3 13
17 21 0 9 15
17 21 1 4 17
17 21 2 5 11
17 21 3 4 6
17 22 1 12 18
17 22 3 5 9
17 22 4 6 7
17 23 2 1 13
17 24 2 5 11
17 24 3 6 13
17 24 4 8 10
17 25 2 2 9
17 26 3 7 8
17 27 2 7 9
17 28 1 9 16
17 28 2 1 10
17 29 0 3 17
17 29 2 13 16
17 30 0 1 4
17 30 1 2 17
17 31 2 13 16
17 31 3 2 15
17 32 1 7 17
17 32 4 12 18
17 33 0 2 10
17 33 1 1 12
17 34 3 8 11
17 35 3 1 11
17 35 4 8 16
17 36 3 3 17
17 37 2 5 8
17 37 3 4 6
17 41 0 5 11
17 41 1 6 12
17 41 4 2 9
17 42 1 5 11
17 42 2 6 13
17 44 2 11 12
18 8 4 9 14
18 10 0 10 13
18 11 4 2 10
18 14 1 3 7
18 15 1 3 4
18 15 2 13 16
18 16 1 4 17
18 16 3 3 8
18 17 3 4 12
18 18 1 9 14
18 18 3 2 5
18 18 4 3 6
18 19 0 5 9
18 19 1 6 16
18 19 4 4 8
18 20 0 1 17
18 20 2 8 12
18 21 3 1 14
18 22 0 8 13
18 22 3 3 11
18 23 2 2 15
18 23 3 4 8
18 23 4 9 10
18 24 3 14 18
18 24 4 1 3
18 25 3 5 9
18 25 4 4 6
18 27 3 10 12
18 28 2 2 10
18 28 3 1 11
18 30 0 2 3
18 30 1 1 7
18 31 0 3 4
18 31 1 12 15
18 31 3 11 12
18 32 0 1 4
18 32 2 11 18
18 32 3 5 13
18 32 4 6 8
18 33 0 1 13
18 33 1 2 10
18 33 3 7 9
18 34 2 1 5
18 34 3 6 11
18 34 4 9 14
18 35 3 2 8
18 35 4 7 14
18 36 2 9 12
18 39 1 7 12
18 40 0 7 11
18 41 0 13 15
18 41 1 14 16
18 42 0 11 17
18 42 1 16 18
18 42 2 3 14
18 43 0 7 17
18 43 2 4 7
18 44 1 1 13
18 44 3 14 15
18 45 4 7 18
18 46 4 1 8
19 15 1 10 16
19 15 3 7 9
19 16 0 7 17
19 17 2 1 13
19 18 1 7 8
19 18 4 1 9
19 19 1 8 15
19 19 2 1 9
19 20 0 2 7
19 20 1 5 13
19 20 2 6 18
19 21 0 1 9
19 21 3 1 2
19 22 3 9 16
19 22 4 1 14
19 23 2 5 17
19 23 3 6 11
19 24 4 2 16
19 25 3 8 17
19 27 2 1 13
19 27 4 3 7
19 28 2 5 15
19 28 3 2 6
19 28 4 4 14
19 29 2 1 5
19 29 3 6 18
19 30 1 2 16
19 30 3 1 16
19 31 0 13 17
19 31 1 10 16
19 31 2 13 17
19 31 4 9 14
19 32 0 2 17
19 32 2 8 11
19 32 3 11 14
19 33 0 2 7
19 33 1 11 15
19 33 2 5 11
19 33 3 6 12
19 34 2 2 18
19 34 3 9 10
19 34 4 3 14
19 35 3 7 15
19 35 4 1 4
19 36 1 13 15
19 36 4 10 18
19 37 1 5 7
19 37 2 6 18
19 39 0 1 13
19 40 1 10 14
19 41 0 1 10
19 41 1 3 16
19 42 0 8 17
19 42 1 4 14
19 44 0 1 10
19 44 1 2 12
19 44 2 7 10
19 45 4 9 12
19 46 4 2 10
20 9 0 1 7
20 11 0 8 11
20 11 1 7 8
20 15 0 1 11
20 15 1 3 8
20 16 1 4 5
20 16 2 3 6
20 16 3 8 10
20 17 0 8 10
20 17 1 9 11
20 17 2 2 4
20 18 1 9 12
20 18 2 7 16
20 18 4 2 8
20 19 1 10 17
20 19 2 2 12
20 19 3 3 8
20 20 1 5 8
20 20 2 5 6
20 20 3 4 6
20 21 0 2 10
20 21 3 2 5
20 21 4 6 16
20 22 3 5 17
20 22 4 2 6
20 23 4 14 16
20 24 2 3 11
20 24 3 9 17
20 25 2 4 7
20 26 0 7 15
20 27 1 7 18
20 27 2 2 15
20 28 0 3 8
20 28 2 5 15
20 28 3 6 18
20 28 4 10 16
20 29 0 4 8
20 29 2 2 7
20 29 3 17 18
20 29 4 3 7
20 30 1 7 11
20 30 3 2 5
20 30 4 4 6
20 31 1 3 16
20 31 2 9 16
20 31 3 5 15
20 31 4 6 7
20 32 0 7 17
20 32 1 4 17
20 32 3 7 14
20 32 4 14 18
20 33 2 13 14
20 33 3 7 14
20 33 4 12 16
20 34 0 7 10
20 34 3 7 17
20 35 0 5 8
20 35 1 6 15
20 35 4 2 7
20 36 2 8 18
20 36 3 10 12
20 36 4 1 8
20 38 1 10 16
20 39 0 2 17
20 41 0 2 9
20 44 0 2 13
20 44 3 15 16
20 45 2 10 17
20 45 3 13 15
20 45 4 3 18
20 46 4 4 18
21 9 0 2 7
21 10 0 9 10
21 10 1 3 9
21 11 1 4 14
21 12 0 8 15
21 12 1 8 10
21 13 1 3 18
21 14 1 4 9
21 15 0 2 3
21 15 1 11 14
21 15 3 1 9
21 16 0 4 9
21 16 2 3 12
21 17 2 4 14
21 17 4 9 16
21 18 0 5 13
21 18 1 6 8
21 18 3 9 17
21 19 1 9 13
21 19 2 10 12
21 23 3 3 12
21 24 3 4 14
21 25 3 7 16
21 26 2 10 17
21 27 0 9 10
21 27 1 8 16
21 28 0 9 17
21 28 1 10 16
21 28 2 1 8
21 28 3 1 15
21 29 0 8 17
21 29 1 1 12
21 29 3 5 15
21 29 4 6 18
21 30 0 3 15
21 30 2 10 14
21 30 4 10 18
21 31 0 4 11
21 31 1 10 18
21 32 0 8 11
21 32 1 3 7
21 32 3 1 12
21 32 4 1 10
21 33 0 5 10
21 33 1 4 6
21 33 3 10 13
21 33 4 3 7
21 34 0 5 9
21 34 1 1 6
21 34 2 1 3
21 34 3 10 11
21 34 4 4 8
21 35 0 10 11
21 35 2 4 9
21 35 3 10 12
21 35 4 7 9
21 36 1 3 8
21 36 2 1 13
21 36 3 1 15
21 36 4 2 10
21 37 1 4 11
21 37 2 5 8
21 37 3 6 11
21 37 4 7 18
21 38 1 7 11
21 38 3 11 15
21 38 4 3 8
21 39 4 4 18
22 10 0 7 10
22 11 0 7 9
22 11 1 3 9
22 12 1 4 8
22 15 1 8 15
22 15 2 14 15
22 15 3 2 8
22 15 4 3 12
22 16 1 13 16
22 16 2 7 18
22 16 3 5 18
22 16 4 4 6
22 17 0 7 17
22 17 1 9 11
22 18 1 8 15
22 19 1 13 15
22 19 2 3 18
22 20 2 4 18
22 23 2 7 13
22 26 1 8 9
22 26 3 10 15
22 27 2 9 11
22 27 3 3 5
22 27 4 6 18
22 28 0 9 15
22 28 2 2 15
22 28 3 2 4
22 29 0 13 15
22 29 1 2 18
22 29 3 15 18
22 30 1 5 18
22 30 2 6 11
22 30 3 8 12
22 30 4 3 18
22 31 0 1 9
22 31 1 3 14
22 31 3 3 7
22 31 4 4 8
22 32 1 4 14
22 32 2 13 16
22 32 3 2 4
22 32 4 2 16
22 33 1 10 17
22 33 3 11 17
22 33 4 8 9
22 34 1 2 11
22 34 2 2 11
22 34 4 10 14
22 35 1 9 14
22 35 2 12 13
22 35 3 11 12
22 35 4 3 16
22 36 2 2 9
22 36 3 2 17
22 36 4 4 10
22 37 2 5 14
22 37 3 6 11
22 37 4 9 14
22 38 2 14 15
22 38 3 3 8
22 38 4 10 14
22 39 0 5 15
22 39 1 6 10
22 39 3 4 18
22 40 1 11 18
23 11 0 7 10
23 11 1 8 9
23 12 0 1 10
23 14 1 9 16
23 14 3 3 9
23 15 0 7 17
23 15 1 1 12
23 15 3 4 13
23 16 0 5 7
23 16 1 1 6
23 17 0 5 8
23 17 1 6 9
23 17 2 10 14
23 18 0 8 10
23 18 2 15 16
23 19 1 1 17
23 19 3 11 18
23 23 4 1 3
23 24 2 10 16
23 24 4 1 4
23 25 1 9 17
23 25 4 1 8
23 26 2 7 15
23 27 0 1 3
23 27 3 14 18
23 28 0 4 7
23 28 3 7 16
23 29 1 5 11
23 29 2 6 17
23 29 3 9 11
23 30 0 3 15
23 30 2 12 13
23 30 3 3 14
23 30 4 9 16
23 31 0 2 4
23 31 1 15 18
23 31 2 8 16
23 31 3 4 17
23 32 1 5 17
23 32 2 6 18
23 32 3 10 15
23 32 4 9 12
23 33 2 5 8
23 33 3 6 11
23 33 4 14 18
23 34 1 5 7
23 34 2 6 14
23 34 3 1 14
23 35 1 5 13
23 35 2 6 13
23 35 3 11 16
23 35 4 8 14
23 36 2 16 17
23 36 3 1 11
23 37 0 7 15
23 37 1 12 17
23 37 3 5 9
23 37 4 6 14
23 38 1 5 18
23 38 2 6 15
23 39 3 3 18
23 40 2 5 14
23 40 3 4 6
24 10 1 9 11
24 12 0 2 10
24 15 0 7 13
24 15 1 2 3
24 16 0 9 10
24 16 1 2 4
24 16 2 7 15
24 17 0 9 10
24 17 2 1 7
24 17 3 5 18
24 17 4 6 12
24 19 1 1 2
24 19 3 5 12
24 19 4 6 14
24 23 4 2 12
24 24 0 7 15
24 24 3 7 11
24 24 4 2 9
24 25 1 3 18
24 25 4 2 8
24 26 1 4 11
24 27 0 2 7
24 27 2 10 15
24 28 1 5 15
24 28 2 6 11
24 28 3 12 18
24 29 0 5 10
24 29 1 6 8
24 29 2 14 18
24 29 3 1 10
24 29 4 7 14
24 30 1 11 13
24 30 2 5 9
24 30 3 6 12
24 31 2 7 11
24 32 2 9 11
24 32 3 13 15
24 33 4 14 18
24 34 3 2 8
24 34 4 7 9
24 35 1 5 10
24 35 2 6 15
24 35 4 8 14
24 36 3 2 18
24 36 4 1 14
24 37 0 5 13
24 37 1 6 11
24 38 0 10 11
25 10 2 7 14
25 11 0 8 11
25 11 1 7 11
25 16 0 5 10
25 16 1 6 11
25 17 1 11 16
25 17 2 2 10
25 17 3 5 13
25 17 4 6 12
25 18 0 15 17
25 18 2 3 10
25 19 1 2 18
25 19 2 4 13
25 19 3 7 11
25 23 3 8 13
25 23 4 7 8
25 24 0 3 5
25 24 1 6 15
25 24 3 3 11
25 24 4 9 14
25 25 0 4 10
25 25 1 3 11
25 25 2 15 18
25 25 3 4 10
25 26 0 3 5
25 26 1 4 6
25 26 2 8 14
25 26 3 16 18
25 27 0 4 8
25 27 2 11 17
25 28 0 10 15
25 28 1 9 15
25 28 2 3 13
25 28 3 11 14
25 29 1 7 18
25 29 2 4 18
25 29 3 2 7
25 29 4 3 16
25 30 2 13 14
25 30 3 15 17
25 30 4 4 10
25 31 2 5 8
25 31 3 6 14
25 31 4 16 18
25 32 2 10 12
25 32 3 14 17
25 33 3 9 15
25 34 4 9 18
25 35 4 3 10
25 36 4 2 4
25 37 0 7 15
25 37 2 3 14
25 38 1 14 18
25 38 2 4 8
26 10 0 3 9
26 11 0 3 4
26 11 1 3 14
26 11 2 10 14
26 12 0 4 11
26 12 1 4 10
26 16 2 1 14
26 17 2 7 14
26 17 3 13 16
26 18 2 8 17
26 19 0 8 11
26 19 2 1 12
26 19 4 7 14
26 20 3 1 10
26 21 1 3 11
26 21 2 12 15
26 21 4 3 8
26 22 1 4 7
26 22 3 9 18
26 22 4 4 9
26 23 1 3 16
26 24 0 1 17
26 24 1 4 11
26 24 4 10 14
26 25 1 1 8
26 25 2 9 14
26 26 0 3 9
26 27 0 4 7
26 27 1 8 15
26 27 3 3 14
26 28 0 1 7
26 28 2 11 18
26 28 3 4 5
26 28 4 6 14
26 29 1 3 16
26 29 2 3 15
26 30 0 15 17
26 30 1 4 10
26 30 2 4 9
26 30 3 10 18
26 31 1 1 18
26 31 2 1 12
26 32 1 12 13
26 37 1 1 16
26 37 2 9 11
26 38 0 10 17
27 4 2 7 12
27 5 3 3 12
27 6 3 4 12
27 12 1 8 14
27 16 2 2 12
27 17 2 9 16
27 17 3 12 16
27 18 0 7 9
27 18 1 11 17
27 18 2 10 17
27 19 1 13 14
27 19 2 2 5
27 19 3 6 16
27 20 2 1 17
27 20 3 2 11
27 20 4 9 10
27 21 0 5 7
27 21 1 6 13
27 21 2 12 14
27 23 0 3 5
27 23 1 6 10
27 23 3 5 12
27 23 4 6 12
27 24 0 2 4
27 24 1 9 12
27 24 2 7 14
27 25 1 2 3
27 26 1 4 9
27 28 0 2 10
27 28 3 14 15
27 29 0 10 15
27 29 4 12 18
27 30 0 1 8
27 30 1 11 18
27 30 3 11 16
27 31 1 2 13
27 31 2 2 17
27 32 0 8 13
27 37 1 2 5
27 37 2 6 11
27 37 3 8 14
28 3 0 7 8
28 4 1 8 13
28 5 2 10 13
28 5 4 1 16
28 6 2 11 13
28 6 3 11 17
28 6 4 1 12
28 11 1 8 9
28 16 0 8 11
28 16 1 12 13
28 17 2 11 13
28 18 0 1 15
28 18 1 12 15
28 18 2 8 14
28 18 3 8 16
28 18 4 1 3
28 19 0 1 10
28 19 1 7 18
28 19 2 17 18
28 19 4 1 4
28 20 2 2 3
28 20 3 1 16
28 20 4 1 14
28 21 1 13 16
28 21 2 4 17
28 21 3 1 7
28 22 0 10 17
28 23 0 3 15
28 23 2 13 16
28 23 3 5 13
28 23 4 1 6
28 24 0 4 13
28 24 1 17 18
28 25 2 10 15
28 26 3 7 18
28 29 0 9 11
28 29 3 11 13
28 30 0 2 3
28 30 2 14 15
28 30 4 14 16
28 31 0 4 9
28 31 3 17 18
28 36 3 5 9
28 36 4 6 16
28 37 3 14 17
29 2 0 9 15
29 3 1 9 18
29 4 0 7 10
29 4 3 3 7
29 5 3 4 12
29 5 4 2 7
29 6 3 13 14
29 6 4 2 14
29 9 0 5 15
29 9 1 6 8
29 10 1 9 18
29 15 0 1 9
29 16 0 1 13
29 16 1 14 15
29 17 2 9 18
29 17 3 9 14
29 18 0 2 13
29 18 3 5 11
29 18 4 2 6
29 19 0 2 15
29 19 4 2 16
29 20 1 10 18
29 20 3 2 17
29 20 4 2 7
29 21 2 1 15
29 21 3 2 15
29 22 1 12 16
29 22 3 10 18
29 22 4 12 18
29 23 0 11 17
29 23 4 2 12
29 26 0 1 15
29 26 3 3 15
29 27 1 7 18
29 27 3 4 10
29 27 4 3 18
29 28 4 4 7
29 29 1 8 14
29 29 4 1 14
30 4 1 11 16
30 4 2 3 7
30 5 0 10 17
30 5 2 4 13
30 5 3 10 15
30 5 4 7 16
30 6 3 1 17
30 6 4 10 18
30 8 1 5 9
30 8 2 3 6
30 9 2 4 7
30 13 0 1 15
30 14 1 11 18
30 15 0 2 3
30 16 0 2 4
30 18 3 3 5
30 18 4 6 14
30 19 1 7 16
30 19 3 3 4
30 20 0 5 17
30 20 1 6 7
30 20 3 4 15
30 21 1 12 16
30 21 2 2 12
30 21 4 10 18
30 22 0 13 17
30 22 3 12 13
30 23 1 7 14
30 23 2 5 11
30 23 3 6 13
30 24 1 11 15
30 25 2 3 18
30 26 0 2 3
30 26 2 4 11
30 27 0 1 4
30 27 1 8 12
30 28 1 9 10
30 29 4 2 10
31 4 2 14 15
31 5 2 7 10
31 5 3 16 18
31 6 2 16 17
31 6 3 2 8
31 6 4 3 10
31 7 1 8 17
31 7 3 3 12
31 7 4 3 4
31 8 3 4 8
31 8 4 1 4
31 9 3 5 16
31 9 4 6 7
31 10 2 10 17
31 13 0 1 2
31 13 1 8 11
31 13 2 8 12
31 14 2 12 14
31 20 1 7 10
31 21 0 3 13
31 21 1 10 13
31 22 0 1 4
31 22 1 7 11
31 22 2 13 15
31 23 2 15 16
31 23 3 14 18
31 24 1 10 17
31 24 2 14 15
31 24 3 3 18
31 25 1 11 15
31 25 2 8 16
31 25 3 4 18
31 26 1 9 17
31 26 2 15 18
31 26 3 3 14
31 27 0 2 13
31 27 3 4 18
32 4 2 11 12
32 5 2 5 7
32 5 3 6 9
32 6 1 3 9
32 6 2 3 10
32 7 1 4 8
32 7 2 4 13
32 7 3 9 11
32 8 3 5 11
32 8 4 2 6
32 9 4 1 8
32 10 4 10 12
32 11 0 7 15
32 11 3 12 16
32 12 1 9 18
32 12 2 9 17
32 13 0 2 11
32 13 1 12 13
32 13 2 11 14
32 14 1 7 13
32 14 2 1 3
32 15 2 4 7
32 20 2 3 8
32 21 1 10 16
32 21 2 3 4
32 22 0 2 17
32 22 2 4 14
32 23 1 5 10
32 23 2 6 16
32 24 1 1 17
32 24 2 7 9
32 25 2 7 14
33 3 2 12 15
33 4 1 1 13
33 4 3 14 18
33 6 1 7 9
33 6 2 8 10
33 7 4 14 16
33 8 2 15 16
33 8 3 12 17
33 8 4 9 14
33 9 1 11 17
33 9 2 5 11
33 9 3 6 18
33 9 4 2 8
33 10 3 1 13
33 11 1 3 12
33 11 2 12 13
33 12 0 1 10
33 12 1 1 4
33 12 2 3 8
33 12 3 5 15
33 12 4 6 7
33 13 0 7 13
33 13 1 1 14
33 13 2 4 16
33 13 3 14 16
33 13 4 3 18
33 14 1 3 17
33 14 2 2 17
33 14 3 3 11
33 14 4 4 12
33 15 1 4 10
33 15 3 4 11
33 16 2 10 11
33 17 2 8 12
33 19 2 1 9
33 22 1 12 15
33 23 2 15 18
33 24 1 2 8
33 24 2 7 11
33 24 3 11 18
33 25 1 1 7
33 25 2 1 10
33 26 1 1 16
33 26 2 10 15
33 26 3 5 16
33 26 4 6 12
33 27 0 1 17
33 27 2 5 17
33 27 3 6 18
33 28 0 1 7
34 3 0 5 11
34 3 1 6 13
34 3 3 3 16
34 3 4 3 16
34 4 1 1 2
34 4 2 1 17
34 4 3 4 17
34 4 4 3 4
34 5 2 9 15
34 5 4 4 16
34 6 0 11 15
34 6 3 17 18
34 7 1 10 18
34 8 2 7 13
34 8 4 3 9
34 9 2 12 14
34 9 3 12 14
34 9 4 4 12
34 10 1 11 16
34 10 3 2 8
34 11 0 13 17
34 11 1 3 13
34 11 2 8 9
34 12 0 2 3
34 12 1 2 4
34 12 2 1 3
34 13 0 4 7
34 13 1 2 5
34 13 2 4 6
34 13 3 5 15
34 13 4 6 10
34 14 0 8 10
34 14 1 5 16
34 14 2 6 7
34 14 3 13 16
34 14 4 14 18
34 15 0 11 17
34 15 2 7 17
34 15 3 1 7
34 15 4 1 14
34 16 2 8 9
34 16 3 11 14
34 17 1 1 13
34 17 3 1 8
34 19 2 2 11
34 21 1 8 15
34 22 0 11 13
34 22 2 16 18
34 23 1 9 17
34 24 3 14 15
34 24 4 3 14
34 25 1 2 15
34 25 2 2 10
34 25 4 4 18
34 26 1 2 10
34 26 2 11 18
34 26 3 12 13
34 27 0 1 2
34 27 2 8 12
34 28 0 2 8
34 29 0 8 10
35 3 1 12 14
35 4 1 2 5
35 4 2 2 6
35 5 0 3 15
35 6 0 4 8
35 6 1 14 18
35 8 3 7 11
35 8 4 7 12
35 9 1 3 13
35 9 2 10 13
35 9 3 9 13
35 10 1 4 8
35 10 2 9 14
35 11 0 7 11
35 11 1 5 15
35 11 2 6 11
35 12 2 2 18
35 12 4 3 7
35 13 0 9 15
35 13 1 5 15
35 13 2 6 11
35 13 3 1 11
35 13 4 4 16
35 14 0 1 10
35 14 1 5 18
35 14 2 6 18
35 14 3 3 17
35 15 1 8 14
35 15 2 9 10
35 15 3 2 4
35 15 4 2 3
35 16 1 8 16
35 16 2 7 10
35 16 3 9 10
35 16 4 4 14
35 17 0 5 17
35 17 1 2 6
35 17 3 2 3
35 18 3 4 5
35 18 4 1 6
35 19 3 12 14
35 20 1 7 9
35 22 1 12 14
35 26 0 5 15
35 26 1 6 8
35 26 2 9 13
35 26 3 8 14
35 27 0 2 9
35 27 1 13 18
35 28 0 9 15
35 29 0 5
35 29 1 6 18
36 3 0 3 13
36 4 0 3 4
36 5 0 4 9
36 8 3 13 16
36 8 4 7 14
36 9 1 9 11
36 9 2 16 17
36 9 3 10 12
36 9 4 1 10
36 10 1 15 17
36 10 2 3 7
36 11 1 14 15
36 11 2 4 18
36 11 3 7 14
36 12 0 10 11
36 12 2 8 18
36 13 3 2 14
36 13 4 10 14
36 14 0 2 15
36 14 1 7 9
36 14 2 3 5
36 14 3 5 6
36 14 4 1 6
36 15 1 9 18
36 15 2 4 11
36 16 3 12 15
36 17 0 8 11
36 17 2 5 10
36 17 3 5 6
36 17 4 6 18
36 18 1 1 3
36 18 4 2 7
36 19 1 4 5
36 19 2 6 13
36 21 1 10 16
36 22 0 13 17
36 24 0 8 11
36 25 1 7 9
36 25 3 9 12
36 28 2 3 8
36 29 2 3 4
36 30 1 5 11
36 30 2 4 6
37 9 2 13 14
37 9 4 2 10
37 11 2 9 10
37 12 1 8 14
37 12 3 8 10
37 13 2 3 8
37 13 3 8 16
37 14 0 3 5
37 14 1 1 6
37 14 2 4 17
37 14 4 2 8
37 15 0 4 15
37 15 1 3 10
37 15 3 14 16
37 16 0 8 9
37 16 1 4 18
37 16 2 13 17
37 17 1 12 14
37 18 1 2 11
37 19 4 3 10
37 20 2 8 11
37 20 4 4 7
37 23 0 8 9
37 24 1 14 15
37 25 2 13 18
37 26 1 1 10
37 27 2 1 9
37 30 1 3 7
37 30 2 3 14
37 31 1 4 5
37 31 2 4 6
38 11 1 8 9
38 11 3 7 9
38 12 2 8 9
38 12 3 9 15
38 12 4 7 12
38 13 0 3 15
38 13 3 7 16
38 13 4 9 18
38 14 0 4 11
38 14 1 2 18
38 14 2 12 17
38 15 0 3 9
38 16 0 4 7
38 17 0 13 15
38 17 3 12 16
38 18 1 8 18
38 18 2 14 17
38 18 3 11 16
38 19 2 9 17
38 20 3 11 14
38 21 4 8 10
38 22 0 7 9
38 23 0 7 15
38 24 1 11 18
38 25 0 1 3
38 25 1 7 8
38 25 2 1 12
38 26 0 3 4
38 26 1 2 11
38 27 0 4 11
38 27 2 2 7
38 31 0 1 5
38 31 1 6 10
39 8 0 3 11
39 8 1 7 15
39 9 0 4 7
39 9 2 7 18
39 9 3 5 11
39 9 4 6 12
39 10 1 9 11
39 11 2 7 9
39 12 3 10 13
39 12 4 12 16
39 13 3 7 17
39 13 4 10 12
39 14 1 13 14
39 14 3 10 12
39 17 0 8 10
39 17 1 9 12
39 17 2 7 13
39 18 4 12 14
39 20 4 9 14
39 21 0 8 11
39 22 1 5 11
39 22 2 5 6
39 22 3 1 6
39 23 0 8 10
39 24 0 8 10
39 24 1 9 12
39 24 2 5 14
39 24 3 6 16
39 25 0 2 8
39 25 1 11 13
39 25 2 2 17
39 26 0 3 15
39 26 1 1 10
39 26 2 3 14
39 27 0 4 15
39 27 1 14 18
39 27 2 3 4
39 27 3 1 7
39 28 0 1 5
39 28 1 6 18
39 28 2 4 10
39 31 0 2 7
40 8 1 14 16
40 9 0 5 17
40 9 1 6 10
40 9 3 13 15
40 9 4 7 14
40 10 0 10 11
40 10 1 1 8
40 10 2 10 14
40 10 3 1 16
40 10 4 16 18
40 11 2 1 17
40 11 3 12 17
40 11 4 1 7
40 12 2 1 10
40 12 3 8 13
40 12 4 1 16
40 13 1 1 11
40 13 3 13 17
40 14 0 8 15
40 14 2 13 15
40 14 3 10 16
40 15 1 5 18
40 15 2 6 17
40 15 3 8 18
40 16 0 1 9
40 17 0 11 13
40 18 2 1 10
40 18 3 12 13
40 20 0 5 9
40 20 1 1 6
40 21 1 1 14
40 21 3 1 12
40 22 0 5 9
40 22 1 6 7
40 22 2 1 14
40 22 3 2 8
40 23 0 1 9
40 24 0 9 13
40 24 1 3 8
40 24 2 1 11
40 25 0 7 8
40 25 1 4 16
40 25 2 7 14
40 26 0 3 17
40 26 1 2 15
40 26 2 8 11
40 26 4 3 8
40 27 0 3 4
40 27 2 5 18
40 27 3 2 6
40 27 4 3 4
40 28 0 2 4
40 28 3 5 10
40 28 4 4 6
40 30 1 7 12
40 31 0 3 11
40 32 0 4 10
41 8 1 1 16
41 9 0 11 17
41 9 1 9 12
41 10 1 2 14
41 10 3 2 3
41 10 4 1 10
41 11 2 2 13
41 11 3 4 9
41 11 4 2 12
41 12 1 7 12
41 12 2 2 3
41 12 3 8 12
41 12 4 2 10
41 13 0 3 9
41 13 1 2 3
41 13 2 4 14
41 14 0 3 4
41 14 1 4 7
41 14 2 8 12
41 14 3 9 12
41 15 0 3 4
41 16 0 2 4
41 17 1 7 14
41 18 2 2 13
41 18 3 1 8
41 19 0 5 11
41 19 1 6 11
41 19 4 3 8
41 20 1 2 11
41 20 4 4 12
41 21 0 5 11
41 21 1 2 6
41 21 2 13 16
41 21 3 2 9
41 22 0 3 5
41 22 1 6 17
41 22 2 1 2
41 23 0 2 4
41 23 1 9 10
41 23 2 8 11
41 24 0 5 9
41 24 1 3 6
41 24 2 2 8
41 24 3 14 16
41 24 4 1 3
41 25 1 4 15
41 25 2 9 17
41 25 4 4 9
41 26 0 8 10
41 26 2 10 18
41 26 3 1 14
41 27 0 1 7
41 27 1 3 12
41 28 1 4 16
41 29 0 7 17
41 30 0 1 13
41 31 1 10 14
42 8 1 2 8
42 8 3 1 7
42 9 0 7 13
42 9 1 3 14
42 10 1 4 5
42 10 2 6 12
42 10 4 1 2
42 11 0 3 11
42 11 2 1 3
42 11 3 9 13
42 12 0 4 13
42 12 2 4 13
42 13 1 10 15
42 13 2 9 11
42 14 1 3 13
42 14 2 13 18
42 15 1 4 10
42 16 0 1 3
42 16 1 1 15
42 17 0 1 4
42 17 2 7 18
42 17 3 9 15
42 18 1 10 16
42 18 3 2 11
42 18 4 9 18
42 19 0 15 17
42 19 1 11 14
42 19 2 14 16
42 19 3 11 16
42 20 1 17 18
42 20 2 14 17
42 20 3 12 13
42 20 4 1 3
42 21 0 1 3
42 21 1 3 14
42 21 4 3 4
42 22 0 1 4
42 22 1 4 11
42 22 2 2 9
42 22 4 4 12
42 23 1 7 12
42 23 2 9 12
42 23 3 7 14
42 24 3 5 12
42 24 4 2 6
42 25 0 5 9
42 25 1 6 7
42 26 0 7 11
42 26 2 11 16
42 26 3 2 11
42 27 0 2 13
42 27 1 12 17
42 27 3 12 16
42 27 4 7 8
42 28 0 10 15
42 28 2 12 17
42 29 1 7 18
42 30 0 2 10
43 7 1 9 15
43 8 2 16 18
43 8 3 2 5
43 8 4 6 8
43 9 1 16 17
43 9 3 5 10
43 9 4 3 6
43 10 0 10 17
43 10 1 7 13
43 10 4 2 4
43 11 1 11 14
43 11 2 2 16
43 12 1 3 17
43 13 1 4 11
43 13 3 7 14
43 16 0 2 8
43 16 1 2 3
43 17 0 2 5
43 17 1 4 6
43 18 0 11 15
43 18 2 10 15
43 18 4 8 14
43 19 1 16 18
43 19 2 14 15
43 19 3 11 18
43 19 4 12 14
43 20 0 3 17
43 20 1 5 12
43 20 2 6 13
43 20 3 7 18
43 20 4 2 12
43 21 0 2 4
43 21 1 11 15
43 21 2 11 15
43 21 4 1 8
43 22 0 2 3
43 22 2 14 18
43 22 3 13 18
43 22 4 3 7
43 23 0 4 13
43 23 1 13 15
43 23 3 3 5
43 23 4 4 6
43 24 1 8 10
43 24 2 13 18
43 24 3 4 10
43 24 4 8 16
43 25 1 12 16
43 25 2 5 11
43 25 3 6 17
43 26 0 15 17
43 26 1 10 14
43 26 3 11 14
43 26 4 9 14
43 27 0 10 13
43 27 1 7 18
43 27 2 5 13
43 27 3 6 15
43 28 1 7 13
43 28 4 10 18
43 29 2 8 12
43 30 1 10 12
44 7 4 3 9
44 8 4 4 12
44 11 1 5 10
44 11 2 6 14
44 13 2 14 16
44 14 1 3 17
44 14 3 10 11
44 15 0 1 9
44 15 1 3 4
44 16 1 4 15
44 16 3 11 15
44 17 0 3 8
44 17 2 16 18
44 17 4 9 18
44 18 0 1 4
44 18 1 14 17
44 18 3 8 16
44 19 0 1 11
44 19 1 11 16
44 19 2 3 17
44 19 3 11 13
44 19 4 8 14
44 20 0 13 17
44 20 1 5 12
44 20 2 4 6
44 20 3 7 13
44 20 4 8 9
44 21 1 8 15
44 21 2 8 14
44 21 3 10 14
44 21 4 2 8
44 22 2 15 18
44 22 4 7 12
44 23 1 1 9
44 23 3 7 18
44 23 4 9 10
44 25 0 11 13
44 25 2 7 12
44 25 3 1 14
44 26 2 1 3
44 26 3 11 15
44 26 4 3 14
44 27 0 11 15
44 27 1 7 15
44 27 2 4 15
44 27 3 3 8
44 27 4 4 18
44 28 1 10 18
44 28 2 9 18
44 28 3 4 18
44 29 1 10 13
44 30 0 1 13
45 8 3 7 13
45 14 0 7 8
45 14 4 12 14
45 15 0 2 15
45 15 1 12 16
45 16 0 9 17
45 16 1 11 18
45 16 4 12 14
45 17 0 3 15
45 17 3 9 16
45 18 0 2 4
45 18 1 3 18
45 18 2 15 17
45 18 4 8 9
45 19 0 2 8
45 19 1 4 14
45 19 2 3 14
45 19 3 11 18
45 19 4 9 14
45 20 0 5 13
45 20 1 6 9
45 20 2 4 9
45 20 3 8 12
45 20 4 7 9
45 21 0 1 5
45 21 1 6 7
45 21 3 8 10
45 22 2 3 5
45 22 3 6 13
45 23 1 2 12
45 23 2 4 12
45 23 4 1 10
45 24 3 8 10
45 25 1 13 14
45 25 2 1 16
45 25 3 2 3
45 26 0 3 5
45 26 1 6 17
45 26 2 2 10
45 26 3 4 9
45 26 4 3 14
45 27 0 4 15
45 27 1 11 14
45 27 4 4 8
45 28 1 10 18
45 30 0 2 7
46 9 3 1 10
46 10 1 1 11
46 11 1 7 11
46 11 2 1 15
46 11 4 8 16
46 12 1 11 12
46 12 3 17 18
46 13 0 1 9
46 14 3 12 13
46 15 0 10 13
46 15 1 1 12
46 15 3 3 12
46 16 0 7 8
46 16 1 8 16
46 16 2 8 14
46 16 3 4 13
46 17 0 3 17
46 17 1 5 15
46 17 2 6 7
46 17 4 9 12
46 18 0 4 9
46 18 1 1 15
46 18 2 5 18
46 18 3 3 6
46 19 2 8 18
46 19 3 4 9
46 19 4 3 14
46 20 0 3 11
46 20 2 12 13
46 20 3 9 16
46 20 4 4 16
46 21 0 2 4
46 21 2 15 17
46 21 3 15 17
46 21 4 3 10
46 22 1 10 12
46 22 2 5 11
46 22 3 6 18
46 22 4 4 18
46 23 0 5 13
46 23 1 6 13
46 23 3 9 16
46 23 4 2 8
46 24 1 1 11
46 24 2 16 17
46 24 3 12 16
46 25 1 11 17
46 25 2 2 17
46 26 1 15 16
46 26 4 8 9
46 27 0 7 17
46 27 2 14 18
46 28 0 1 3
46 29 0 4 7
46 30 0 7 8
46 30 1 1 12
46 31 0 1 10
47 9 3 2 15
47 10 1 2 3
47 10 2 14 15
47 10 4 9 18
47 11 1 3 4
47 11 2 2 14
47 11 3 16 18
47 12 0 13 15
47 12 1 4 10
47 12 2 14 17
47 13 0 2 5
47 13 1 6 18
47 14 2 13 15
47 15 0 9 13
47 15 1 2 9
47 15 2 9 13
47 15 3 16 18
47 16 1 3 15
47 16 2 15 17
47 17 0 5 10
47 17 1 4 6
47 17 2 16 18
47 17 3 13 18
47 18 1 2 17
47 18 2 9 10
47 20 1 13 14
47 22 0 3 13
47 22 3 14 16
47 22 4 3 9
47 23 0 4 15
47 23 2 15 17
47 23 4 4 16
47 24 1 2 18
47 24 2 13 14
47 24 3 17 18
47 25 2 5 14
47 25 3 6 15
47 25 4 3 9
47 26 4 4 18
47 28 0 2 10
47 29 0 9 15
47 30 0 10 13
47 30 1 2 18
47 31 0 2 10