BFS
200 162 28
49 150 24
60 92 22
4784
0 135 27 7 16
0 136 24 11 15
0 136 26 1 17
0 137 25 5 18
0 137 26 1 6
0 138 26 8 16
0 139 24 3 11
0 139 25 1 17
0 140 24 4 7
0 141 17 5 12
0 141 18 6 16
0 141 23 1 3
0 142 15 11 16
0 142 16 1 16
0 142 17 7 17
0 142 22 5 7
0 142 23 4 6
0 142 25 7 8
0 143 13 1 11
0 143 14 12 17
0 143 15 7 17
0 143 16 7 12
0 143 17 8 15
0 144 14 5 7
0 144 15 6 15
0 144 18 7 18
0 144 21 15 16
0 144 23 11 15
0 145 14 11 15
0 145 16 16 18
0 145 20 7 17
0 145 22 3 18
0 145 23 5 12
0 145 24 6 18
0 146 15 17 18
0 146 18 15 16
0 146 22 4 7
0 146 24 1 16
0 147 12 1 16
0 147 17 16 17
0 147 18 5 12
0 147 19 6 18
0 147 20 11 12
0 147 23 16 17
0 148 11 1 17
0 148 16 16 17
0 148 17 1 16
0 148 22 15 17
0 148 23 5 7
0 148 24 1 6
0 149 12 12 16
0 149 15 16 17
0 149 16 8 17
0 149 23 15 18
0 149 24 3 5
0 149 25 6 7
0 150 11 15 17
0 150 13 15 16
0 150 14 16 17
0 150 24 4 18
0 151 12 17 18
0 151 13 3 17
0 151 14 5 18
0 151 15 1 6
0 151 20 7 16
0 152 13 4 8
0 152 19 7 17
0 152 22 8 11
0 155 23 5 12
0 155 24 1 6
0 156 24 8 15
0 156 25 3 7
0 157 12 11 12
0 157 25 4 18
0 158 12 5 15
0 158 13 6 8
0 158 17 7 8
0 158 27 1 8
0 159 12 5 12
0 159 13 6 18
0 159 19 3 12
0 159 21 5 11
0 159 22 6 16
0 159 23 8 15
0 160 11 3 8
0 160 19 3 4
0 160 20 5 16
0 160 21 6 17
0 160 24 15 18
0 160 25 5 8
0 160 26 6 15
0 160 27 1 12
0 161 11 1 4
0 161 19 4 17
0 161 25 8 18
0 161 26 1 12
0 161 27 1 18
1 134 27 3 7
1 135 26 7 16
1 135 27 3 4
1 136 25 14 17
1 136 26 2 8
1 136 27 4 10
1 137 26 2 9
1 139 25 2 14
1 141 16 13 15
1 141 23 2 5
1 141 24 6 10
1 141 25 9 11
1 142 15 7 16
1 142 16 2 14
1 142 17 9 18
1 142 22 8 12
1 142 23 3 8
1 143 13 2 13
1 143 14 14 17
1 143 15 12 13
1 143 16 1 12
1 143 17 10 12
1 143 22 7 10
1 143 23 4 7
1 143 25 7 10
1 144 15 3 10
1 144 16 10 12
1 144 24 14 16
1 145 14 7 10
1 145 15 4 14
1 145 18 7 10
1 145 22 1 13
1 145 23 11 17
1 146 15 8 11
1 146 16 12 16
1 146 20 10 15
1 146 24 2 16
1 147 12 2 7
1 147 15 7 17
1 147 17 12 13
1 147 19 7 13
1 147 20 3 7
1 147 21 14 18
1 147 22 10 15
1 147 23 16 17
1 147 26 5 7
1 147 27 3 6
1 148 11 2 3
1 148 15 3 5
1 148 16 6 9
1 148 17 2 3
1 148 20 4 15
1 148 22 11 17
1 148 23 16 18
1 148 24 2 3
1 148 27 3 4
1 149 11 4 13
1 149 12 5 15
1 149 13 5 6
1 149 14 1 6
1 149 15 4 15
1 149 16 8 12
1 149 17 4 12
1 149 21 11 18
1 149 22 5 17
1 149 23 6 10
1 149 24 4 12
1 149 27 4 8
1 150 13 3 18
1 150 15 3 8
1 150 16 7 18
1 150 18 12 15
1 150 25 7 10
1 150 27 7 8
1 151 13 4 9
1 151 15 2 4
1 151 19 1 18
1 151 22 3 9
1 151 27 1 12
1 152 15 8 12
1 152 20 7 10
1 152 22 1 4
1 152 23 14 16
1 153 19 10 16
1 153 22 16 17
1 154 18 7 17
1 154 21 8 17
1 154 25 1 12
1 155 22 7 13
1 155 24 2 9
1 156 17 3 12
1 157 11 1 13
1 157 13 9 14
1 157 14 5 11
1 157 15 6 8
1 157 17 4 9
1 157 25 10 12
1 157 27 9 12
1 158 23 9 16
1 158 26 3 11
1 158 27 1 2
1 159 11 9 13
1 159 17 10 12
1 159 18 13 15
1 159 22 14 17
1 159 25 7 9
1 159 26 4 5
1 159 27 3 6
1 160 19 12 18
1 160 25 7 9
1 160 26 1 13
1 160 27 2 4
1 161 11 2 12
1 161 24 5 12
1 161 25 6 13
1 161 26 2 5
1 161 27 2 6
2 135 26 9 12
2 135 27 3 10
2 136 26 8 10
2 136 27 4 8
2 141 22 5 9
2 141 23 6 9
2 141 26 1 14
2 142 15 11 16
2 142 21 7 13
2 142 26 8 12
2 143 14 13 17
2 143 15 10 13
2 143 16 2 13
2 143 23 3 15
2 144 15 1 13
2 144 22 10 15
2 144 23 4 10
2 144 24 5 18
2 144 25 6 10
2 145 14 3 15
2 145 15 9 12
2 145 18 7 11
2 145 22 2 5
2 145 23 6 18
2 145 24 11 14
2 146 14 4 10
2 146 15 13 18
2 146 16 3 14
2 146 18 1 10
2 146 25 8 11
2 147 11 1 3
2 147 16 4 13
2 147 19 7 12
2 147 22 3 15
2 147 25 7 12
2 148 11 3 4
2 148 12 7 10
2 148 15 1 10
2 148 16 5 9
2 148 17 6 16
2 148 18 8 16
2 148 19 10 12
2 148 20 10 12
2 148 22 3 4
2 148 23 14 18
2 148 24 8 15
2 148 25 3 15
2 148 26 3 10
2 148 27 9 12
2 149 11 4 5
2 149 12 6 8
2 149 14 2 15
2 149 15 9 13
2 149 16 13 17
2 149 17 1 17
2 149 22 4 14
2 149 23 7 13
2 149 25 4 18
2 149 26 4 18
2 149 27 9 12
2 150 15 3 18
2 150 16 5 7
2 150 17 6 13
2 150 25 3 5
2 150 26 6 11
2 151 15 4 9
2 151 16 7 10
2 151 19 2 15
2 151 24 3 16
2 151 25 4 10
2 151 26 8 13
2 151 27 2 10
2 152 9 1 15
2 152 14 13 16
2 152 20 1 18
2 152 22 2 15
2 152 23 8 17
2 152 24 4 8
2 153 10 8 18
2 153 13 15 17
2 153 20 8 10
2 153 21 9 11
2 153 23 15 18
2 154 14 12 18
2 154 24 13 18
2 154 25 2 12
2 155 18 10 16
2 156 15 9 16
2 156 16 13 16
2 156 17 12 17
2 156 22 10 15
2 157 11 2 11
2 157 14 11 17
2 157 15 14 17
2 157 23 7 18
2 157 24 11 13
2 157 26 8 13
2 158 23 1 8
2 158 27 2 14
2 159 16 12 13
2 160 15 5 11
2 160 16 6 11
2 160 17 1 11
2 160 18 1 13
2 160 25 10 15
2 160 26 2 12
2 161 10 11 13
2 161 23 5 13
2 161 24 5 6
2 161 25 6 10
2 161 26 1 18
3 135 25 5 13
3 135 26 6 9
3 135 27 7 9
3 140 26 7 12
3 141 26 2 9
3 141 27 3 16
3 142 16 14 15
3 142 25 7 13
3 142 26 12 17
3 142 27 1 4
3 143 17 15 18
3 143 21 10 16
3 144 15 2 3
3 144 18 8 18
3 144 20 11 17
3 144 21 1 16
3 145 14 1 13
3 145 15 4 12
3 145 19 5 14
3 145 20 6 17
3 145 24 15 16
3 145 25 9 14
3 145 26 12 16
3 146 9 8 15
3 146 18 2 10
3 146 21 5 12
3 146 22 6 16
3 146 23 7 17
3 146 25 17 18
3 146 26 11 14
3 147 10 11 18
3 147 11 2 5
3 147 12 6 12
3 147 18 9 13
3 147 21 11 17
3 147 24 9 13
3 148 12 9 15
3 148 15 1 2
3 148 18 8 13
3 148 19 10 13
3 148 22 1 15
3 148 25 10 11
3 148 26 3 13
3 149 12 5 10
3 149 13 6 18
3 149 16 3 12
3 149 17 2 3
3 149 18 15 16
3 149 23 7 18
3 149 24 8 15
3 149 26 4 13
3 150 16 4 7
3 150 17 4 17
3 150 19 3 18
3 150 22 11 15
3 150 23 10 16
3 150 25 16 18
3 150 26 5 9
3 150 27 6 14
3 151 11 15 16
3 151 16 3 10
3 151 19 4 7
3 151 22 16 17
3 151 23 9 18
3 151 24 9 17
3 152 9 2 8
3 152 10 9 17
3 152 12 1 18
3 152 16 4 10
3 152 20 2 9
3 152 21 7 17
3 153 19 1 11
3 153 22 12 14
3 153 24 1 11
3 154 11 7 8
3 154 12 5 12
3 154 13 6 13
3 154 24 7 13
3 156 13 15 16
3 156 16 7 13
3 156 26 9 16
3 156 27 8 12
3 157 12 14 17
3 157 14 3 18
3 157 15 11 14
3 157 23 9 15
3 157 24 3 7
3 157 25 14 17
3 158 14 4 15
3 158 23 2 10
3 158 24 4 18
3 159 9 5 15
3 159 10 6 15
3 159 15 13 18
3 159 24 5 12
3 159 25 6 12
3 160 10 15 18
3 160 11 12 18
3 160 16 7 14
3 160 17 2 14
3 160 18 2 14
3 160 23 7 15
3 160 25 3 13
3 160 26 11 15
3 161 11 14 18
3 161 22 1 5
3 161 23 6 11
3 161 24 5 18
3 161 25 4 6
3 161 26 2 5
3 161 27 6 18
4 136 27 1 10
4 140 25 3 13
4 141 25 4 16
4 141 26 3 10
4 142 24 7 17
4 142 25 11 13
4 142 26 4 16
4 142 27 2 16
4 143 18 9 11
4 143 25 10 17
4 143 26 7 17
4 144 21 2 14
4 145 9 9 15
4 145 14 2 13
4 145 25 7 13
4 145 27 3 16
4 146 10 1 18
4 146 20 3 13
4 146 21 1 7
4 146 22 3 7
4 146 26 3 17
4 146 27 4 14
4 147 11 13 14
4 147 18 9 16
4 147 20 4 7
4 147 21 3 8
4 147 22 4 14
4 147 23 10 12
4 147 26 4 8
4 148 15 2 11
4 148 17 7 17
4 148 21 4 15
4 148 22 2 12
4 148 24 1 9
4 148 26 7 14
4 149 15 13 15
4 149 16 5 7
4 149 17 6 7
4 149 22 11 18
4 150 10 7 16
4 150 16 1 18
4 150 17 7 16
4 150 23 10 14
4 150 26 7 12
4 151 9 9 17
4 151 16 10 17
4 152 12 2 16
4 152 19 10 15
4 153 11 9 17
4 153 18 7 11
4 153 19 2 7
4 153 20 14 18
4 153 21 10 13
4 153 24 2 3
4 153 25 3 14
4 154 11 7 13
4 154 24 4 15
4 154 25 4 16
4 155 11 1 10
4 155 24 10 17
4 155 25 1 18
4 155 27 1 9
4 156 21 7 12
4 156 26 13 15
4 157 16 10 14
4 157 19 5 15
4 157 20 6 12
4 157 25 15 16
4 157 27 16 18
4 158 19 5 7
4 158 20 6 18
4 158 24 10 17
4 158 26 17 18
4 159 19 1 8
4 159 23 1 13
4 159 24 7 13
4 160 10 5 13
4 160 11 6 16
4 160 26 5 12
4 160 27 6 14
4 161 10 11 17
4 161 13 8 12
4 161 16 10 12
4 161 22 2 5
4 161 23 6 10
4 161 24 8 14
4 161 26 5 12
4 161 27 6 12
5 136 25 1 7
5 136 27 2 8
5 137 27 7 8
5 139 25 7 8
5 142 19 3 8
5 142 26 8 14
5 143 19 4 14
5 143 24 10 15
5 144 25 5 18
5 144 26 6 10
5 145 11 3 16
5 145 15 7 16
5 145 26 11 16
5 146 10 2 17
5 146 11 4 5
5 146 12 5 6
5 146 13 6 11
5 146 14 12 17
5 146 21 2 9
5 146 25 10 17
5 146 26 1 9
5 147 15 12 15
5 147 21 7 10
5 147 22 10 13
5 147 23 1 5
5 147 24 6 15
5 147 26 11 16
5 148 16 14 18
5 148 18 3 7
5 148 20 10 15
5 148 21 3 13
5 148 24 2 16
5 148 25 17 18
5 149 17 10 12
5 149 18 4 16
5 149 21 4 18
5 149 22 12 15
5 149 23 14 17
5 149 26 10 15
5 150 16 2 10
5 150 17 10 17
5 150 23 8 18
5 150 25 1 13
5 150 27 12 18
5 151 10 10 12
5 151 17 1 10
5 151 26 8 10
5 153 18 5 15
5 153 19 6 14
5 154 18 10 11
5 154 19 10 18
5 154 26 11 16
5 155 11 2 10
5 155 21 8 12
5 155 25 2 17
5 155 27 2 8
5 156 19 5 7
5 156 20 6 13
5 157 19 11 13
5 157 20 1 12
5 157 21 10 15
5 157 23 1 16
5 158 14 12 15
5 158 18 3 12
5 158 19 9 16
5 158 22 17 18
5 159 15 12 18
5 159 18 4 17
5 159 19 2 10
5 159 23 2 16
5 159 26 11 15
5 160 13 5 9
5 160 14 6 12
5 160 22 7 17
5 160 24 9 10
5 160 25 13 15
5 160 27 1 18
5 161 11 8 14
5 161 12 8 13
5 161 13 1 11
5 161 15 1 13
5 161 22 1 11
5 161 25 11 13
5 161 26 13 18
5 161 27 8 12
6 134 13 8 12
6 135 27 3 9
6 136 25 2 5
6 136 26 3 6
6 136 27 4 9
6 137 25 7 10
6 137 26 4 7
6 137 27 3 12
6 138 25 9 12
6 138 27 4 10
6 140 18 7 15
6 140 25 10 15
6 141 19 9 18
6 141 26 9 18
6 145 27 7 14
6 146 13 5 13
6 146 14 6 14
6 146 15 10 16
6 146 26 2 15
6 147 14 13 17
6 147 23 2 3
6 147 27 14 18
6 148 21 7 10
6 148 23 3 4
6 149 15 5 15
6 149 16 6 13
6 149 17 3 5
6 149 18 6 10
6 149 21 5 13
6 149 22 6 12
6 149 23 4 9
6 150 16 8 18
6 150 17 4 16
6 150 25 2 15
6 150 26 9 13
6 150 27 1 16
6 151 9 7 13
6 151 16 8 17
6 151 17 2 5
6 151 18 5 6
6 151 19 1 6
6 151 25 8 11
6 151 26 17 18
6 154 19 5 14
6 154 20 5 6
6 154 21 6 9
6 154 27 9 14
6 155 19 5 11
6 155 20 6 13
6 156 24 3 12
6 157 19 10 13
6 157 20 2 14
6 157 23 2 12
6 157 24 4 11
6 158 13 7 13
6 158 16 5 12
6 158 17 6 13
6 158 18 11 16
6 158 19 8 15
6 159 13 1 16
6 159 14 5 13
6 159 15 6 15
6 159 17 12 17
6 159 19 5 8
6 159 20 6 18
6 159 26 5 8
6 159 27 6 14
6 160 11 9 15
6 160 12 9 17
6 160 13 5 13
6 160 14 6 15
6 160 15 5 11
6 160 16 6 18
6 160 17 11 12
6 160 18 5 7
6 160 19 6 12
6 160 21 7 12
6 160 27 2 9
6 161 12 5 18
6 161 13 2 6
6 161 14 1 14
6 161 15 2 18
6 161 22 2 10
6 161 23 8 14
6 161 26 13 14
7 133 13 9 12
7 134 12 11 13
7 136 26 3 15
7 137 25 11 15
7 137 26 4 13
7 137 27 12 18
7 138 24 13 15
7 138 25 3 10
7 138 26 10 18
7 139 25 4 18
7 140 19 1 7
7 141 18 5 10
7 141 19 6 8
7 146 26 5 16
7 146 27 6 10
7 147 25 12 17
7 149 16 8 9
7 149 21 10 13
7 150 16 9 16
7 150 25 7 9
7 150 26 5 8
7 150 27 2 6
7 151 9 3 11
7 151 15 8 17
7 151 19 2 11
7 151 24 5 12
7 151 25 6 12
7 151 26 5 14
7 151 27 6 8
7 152 9 4 10
7 153 21 1 7
7 154 21 8 16
7 155 20 14 17
7 156 23 13 16
7 157 19 9 12
7 157 22 13 17
7 157 25 14 15
7 158 15 13 15
7 158 18 1 3
7 158 19 9 14
7 158 23 1 15
7 158 26 9 18
7 159 13 2 10
7 159 14 11 15
7 159 16 13 18
7 159 18 4 15
7 159 23 1 8
7 159 24 8 18
7 160 14 5 16
7 160 15 6 18
7 160 16 13 14
7 160 18 13 14
7 160 19 5 18
7 160 20 6 13
7 160 22 8 16
7 160 23 8 9
7 161 13 5 17
7 161 14 2 6
7 161 17 8 11
7 161 18 1 10
7 161 21 10 17
8 132 14 7 16
8 133 12 8 13
8 133 13 1 17
8 134 13 11 14
8 136 26 7 11
8 137 26 13 14
8 138 26 1 7
8 140 19 2 9
8 141 19 10 11
8 146 16 7 11
8 147 24 8 13
8 148 16 7 9
8 149 16 15 16
8 149 26 7 9
8 150 15 9 17
8 150 17 12 18
8 150 27 9 16
8 151 10 12 14
8 151 20 5 14
8 151 21 6 16
8 151 23 11 13
8 151 24 11 13
8 151 25 8 10
8 151 26 12 17
8 152 20 5 17
8 152 21 6 7
8 153 21 2 9
8 153 22 3 16
8 154 21 10 17
8 154 22 4 8
8 157 18 3 13
8 158 18 2 4
8 158 22 11 16
8 158 23 2 9
8 158 24 5 9
8 158 25 6 16
8 159 15 14 15
8 159 21 8 17
8 159 22 9 15
8 159 23 2 9
8 159 24 15 17
8 160 16 1 18
8 160 17 3 9
8 160 23 8 18
8 160 25 8 18
8 161 16 5 8
8 161 17 4 6
8 161 18 2 14
9 132 12 1 9
9 133 13 2 7
9 133 14 3 10
9 134 14 4 14
9 136 26 8 11
9 136 27 8 14
9 137 26 10 11
9 138 26 2 5
9 138 27 6 8
9 139 21 11 12
9 139 26 1 10
9 141 20 5 14
9 141 21 6 16
9 142 20 3 17
9 143 19 8 15
9 143 20 3 4
9 144 20 4 18
9 145 25 11 12
9 146 17 11 14
9 146 19 12 15
9 146 24 7 9
9 147 16 8 10
9 147 20 11 18
9 149 16 7 10
9 149 24 3 7
9 150 10 15 16
9 150 16 1 13
9 150 24 3 4
9 150 25 9 11
9 150 26 5 10
9 150 27 6 12
9 151 9 13 17
9 151 11 1 18
9 151 12 8 12
9 151 24 4 14
9 151 25 13 14
9 153 21 5 10
9 153 22 6 9
9 154 23 7 11
9 154 25 11 12
9 154 27 1 8
9 158 21 1 9
9 158 22 3 8
9 158 23 12 14
9 158 25 8 11
9 159 22 4 5
9 159 23 6 9
9 159 25 8 9
9 160 16 2 9
9 160 23 3 5
9 160 24 6 15
9 161 23 4 8
9 161 25 8 18
10 132 12 2 15
10 133 13 15 18
10 134 13 10 15
10 134 14 5 18
10 134 15 1 6
10 134 18 1 16
10 135 14 11 18
10 135 17 5 17
10 135 18 1 6
10 135 25 5 7
10 135 26 6 9
10 135 27 3 9
10 136 24 12 16
10 136 27 4 14
10 137 23 12 17
10 137 25 5 11
10 137 26 6 12
10 137 27 9 14
10 138 23 3 16
10 138 26 8 16
10 139 20 8 13
10 139 22 14 17
10 139 23 4 15
10 139 24 8 16
10 139 25 12 17
10 139 26 2 7
10 140 20 11 15
10 140 23 8 17
10 140 24 16 18
10 140 26 8 16
10 141 21 3 18
10 141 23 8 17
10 141 25 7 17
10 142 19 9 12
10 142 21 4 8
10 144 27 3 8
10 145 24 7 13
10 145 26 14 16
10 145 27 3 4
10 146 16 7 9
10 146 18 13 14
10 146 25 11 17
10 146 27 1 4
10 147 21 14 15
10 147 24 10 11
10 148 16 1 12
10 148 17 3 8
10 148 22 11 18
10 149 17 4 5
10 149 18 1 6
10 149 23 11 15
10 150 12 1 9
10 150 16 2 10
10 150 24 10 18
10 150 26 13 14
10 151 11 2 13
10 151 13 7 12
10 151 24 12 15
10 152 25 15 18
10 153 12 1 11
10 153 13 7 16
10 153 26 16 18
10 153 27 8 9
10 154 12 1 17
10 154 24 13 14
10 154 25 11 17
10 154 26 8 14
10 154 27 2 3
10 155 23 3 10
10 155 27 3 4
10 156 11 8 11
10 156 23 4 16
10 156 25 7 16
10 156 27 4 12
10 157 22 9 17
10 157 24 12 17
10 157 25 1 9
10 158 21 2 11
10 158 22 8 13
10 158 23 7 11
10 158 25 9 12
10 158 26 14 16
10 158 27 3 16
10 159 25 5 17
10 159 26 6 17
10 159 27 4 12
10 160 23 9 12
10 160 25 7 9
10 161 24 8 11
11 132 14 3 12
11 133 14 4 8
11 134 15 2 11
11 134 18 1 2
11 135 15 5 14
11 135 16 6 15
11 135 18 2 16
11 135 21 1 11
11 136 17 17 18
11 136 23 3 13
11 136 25 10 11
11 137 22 12 13
11 137 23 1 4
11 137 25 11 13
11 137 26 9 14
11 138 9 11 16
11 138 20 3 9
11 138 21 3 8
11 138 24 9 15
11 138 25 1 7
11 139 8 3 17
11 139 20 4 15
11 139 21 1 4
11 139 23 9 12
11 139 24 7 13
11 139 25 16 18
11 139 26 3 9
11 140 8 4 8
11 140 21 14 18
11 140 23 9 12
11 140 24 15 17
11 140 26 4 10
11 141 19 1 16
11 141 20 5 16
11 141 21 6 9
11 141 25 12 18
11 142 18 13 17
11 142 19 8 17
11 142 25 7 10
11 143 27 9 16
11 144 26 15 17
11 145 27 1 18
11 146 24 10 16
11 146 26 8 14
11 146 27 2 16
11 147 15 5 15
11 147 16 6 10
11 147 17 9 12
11 147 23 7 17
11 147 25 11 14
11 147 26 1 17
11 148 15 8 13
11 148 16 2 18
11 148 23 8 14
11 149 18 2 11
11 149 22 11 15
11 149 24 8 14
11 150 12 2 15
11 150 23 3 18
11 151 12 7 13
11 151 13 3 18
11 151 23 4 13
11 152 13 4 10
11 152 27 9 16
11 153 12 2 16
11 153 13 7 14
11 153 26 9 17
11 154 11 15 17
11 154 12 2 16
11 154 13 10 16
11 154 26 3 14
11 155 11 9 17
11 155 12 17 18
11 155 26 4 5
11 155 27 6 16
11 156 12 7 14
11 156 26 13 17
11 157 22 9 11
11 157 23 13 16
11 157 24 11 16
11 157 25 2 10
11 158 22 14 17
11 158 23 11 17
11 158 24 13 14
11 159 23 10 16
11 159 26 13 16
11 160 22 13 17
11 160 24 7 9
11 160 25 1 17
11 161 25 10 14
12 130 12 7 16
12 131 11 8 17
12 132 13 8 13
12 132 14 9 11
12 134 16 11 14
12 134 18 2 5
12 134 19 6 16
12 135 18 11 17
12 135 21 2 15
12 135 22 7 14
12 136 22 3 18
12 136 26 5 14
12 136 27 3 6
12 137 19 8 15
12 137 21 9 13
12 137 22 4 5
12 137 23 2 6
12 137 26 14 16
12 137 27 4 16
12 138 7 7 15
12 138 10 7 14
12 138 20 11 18
12 138 21 7 8
12 138 25 2 17
12 138 26 1 17
12 139 8 9 18
12 139 20 8 15
12 139 21 2 15
12 139 22 7 13
12 139 25 7 10
12 140 21 16 18
12 140 22 13 18
12 140 23 1 11
12 140 24 1 10
12 141 19 2 9
12 141 20 11 17
12 141 22 5 12
12 141 23 6 16
12 141 24 7 13
12 141 25 8 15
12 142 22 8 17
12 142 26 16 18
12 143 25 10 17
12 143 26 1 7
12 145 26 9 12
12 145 27 1 2
12 146 24 12 16
12 146 26 5 15
12 146 27 6 12
12 147 15 7 9
12 147 16 7 13
12 147 23 9 17
12 147 24 1 11
12 147 26 2 14
12 147 27 12 18
12 148 15 3 11
12 148 23 8 10
12 148 24 8 9
12 149 15 4 12
12 149 19 1 14
12 149 23 8 14
12 152 12 1 10
12 153 12 8 15
12 154 13 10 18
12 155 11 8 15
12 155 25 1 7
12 156 11 5 12
12 156 12 6 18
12 157 12 1 10
12 157 23 14 15
12 157 25 1 14
12 158 24 14 18
12 160 23 5 15
12 160 24 5 6
12 160 25 2 6
12 161 24 10 18
13 130 11 8 9
13 131 12 5 10
13 131 13 6 9
13 131 19 8 15
13 132 6 1 12
13 132 15 5 14
13 132 16 6 11
13 132 19 12 16
13 132 20 16 18
13 133 5 7 8
13 133 18 16 17
13 133 19 12 17
13 134 15 11 12
13 134 17 14 17
13 135 16 12 15
13 135 17 3 5
13 135 18 6 8
13 135 19 3 14
13 135 22 3 8
13 136 17 4 18
13 136 19 4 9
13 136 22 4 10
13 136 24 1 8
13 136 26 8 15
13 137 21 5 9
13 137 22 6 16
13 137 26 3 8
13 137 27 1 18
13 138 20 7 9
13 138 21 14 17
13 138 23 11 16
13 138 26 2 4
13 138 27 1 8
13 139 7 10 11
13 139 10 10 16
13 139 21 5 10
13 139 22 6 17
13 140 9 8 17
13 140 21 8 12
13 140 22 1 10
13 140 23 2 15
13 140 24 2 14
13 140 25 9 10
13 141 21 13 14
13 141 22 9 15
13 141 24 16 18
13 142 23 17 18
13 142 24 3 10
13 143 24 4 7
13 143 26 2 15
13 144 26 10 15
13 144 27 7 18
13 145 24 5 12
13 145 25 6 13
13 145 27 2 18
13 146 23 3 13
13 146 26 1 13
13 146 27 1 12
13 147 23 4 9
13 147 24 2 9
13 147 25 5 14
13 147 26 6 13
13 148 15 10 16
13 148 16 10 14
13 148 23 8 9
13 149 14 13 17
13 149 19 2 16
13 150 18 16 17
13 151 17 16 17
13 152 12 2 9
13 152 15 3 5
13 152 16 6 17
13 153 15 4 16
13 154 11 9 15
13 154 13 5 7
13 154 14 6 17
13 154 23 7 15
13 155 12 11 18
13 155 23 5 16
13 155 24 6 18
13 155 25 2 7
13 156 10 13 15
13 156 22 15 17
13 156 25 10 11
13 157 11 5 18
13 157 12 2 6
13 157 23 11 18
13 157 24 1 8
13 157 25 2 3
13 158 25 4 11
13 158 27 8 16
13 159 26 8 17
14 129 10 3 7
14 129 11 9 12
14 130 10 4 8
14 130 19 9 16
14 131 17 5 15
14 131 18 6 17
14 131 20 8 16
14 132 5 9 13
14 132 6 2 5
14 132 7 6 7
14 132 17 11 14
14 132 18 13 18
14 132 19 7 17
14 133 18 13 16
14 133 20 15 16
14 134 5 10 12
14 134 12 5 8
14 134 13 1 6
14 134 14 13 15
14 134 16 14 15
14 134 17 3 17
14 134 18 9 11
14 134 19 1 17
14 134 21 1 18
14 134 22 9 15
14 135 15 13 18
14 135 17 4 18
14 135 23 5 18
14 135 24 6 9
14 135 26 9 12
14 136 10 1 3
14 136 24 2 16
14 136 26 1 9
14 137 10 4 7
14 137 22 7 8
14 137 23 3 17
14 137 24 3 16
14 137 27 2 9
14 138 6 1 15
14 138 8 3 16
14 138 23 4 17
14 138 24 4 14
14 138 27 2 8
14 139 7 17 18
14 139 8 4 14
14 139 9 9 12
14 139 20 3 10
14 139 21 9 15
14 139 22 8 11
14 140 20 4 13
14 140 22 2 18
14 144 24 10 16
14 145 23 13 17
14 145 27 3 10
14 146 26 2 13
14 146 27 2 4
14 147 23 9 11
14 149 24 1 3
14 150 24 4 15
14 150 27 3 16
14 151 25 5 18
14 151 26 6 17
14 151 27 4 8
14 154 24 7 16
14 155 13 10 14
14 155 23 10 17
14 156 23 5 7
14 156 24 6 9
14 156 25 10 12
14 156 26 1 14
14 156 27 8 16
14 157 22 8 11
14 157 24 2 14
14 157 25 3 11
14 157 26 11 17
14 157 27 9 12
14 158 25 4 8
14 158 26 9 14
15 129 10 9 13
15 130 10 5 10
15 130 11 6 15
15 130 20 9 16
15 131 12 3 18
15 131 19 16 17
15 131 23 3 12
15 132 12 3 4
15 132 18 14 17
15 132 23 1 4
15 133 7 10 15
15 133 12 4 9
15 133 19 5 10
15 133 20 6 15
15 134 4 3 13
15 134 8 5 18
15 134 9 6 8
15 134 13 2 12
15 134 19 2 14
15 134 21 2 18
15 135 4 3 4
15 135 12 3 12
15 135 25 8 13
15 136 4 3 4
15 136 10 2 12
15 136 12 4 8
15 136 22 9 12
15 136 26 2 3
15 137 4 3 4
15 137 26 4 11
15 137 27 1 9
15 138 4 1 4
15 138 5 3 16
15 138 6 2 16
15 138 10 10 11
15 138 22 9 10
15 139 4 1 17
15 139 5 4 17
15 139 8 8 13
15 139 23 1 14
15 143 23 15 16
15 143 25 1 12
15 144 22 7 17
15 144 24 8 18
15 147 24 7 14
15 148 23 7 16
15 149 22 5 17
15 149 23 5 6
15 149 24 2 6
15 150 27 7 9
15 151 26 7 15
15 152 27 8 18
15 153 6 5 7
15 153 7 6 15
15 154 4 1 12
15 154 8 8 18
15 154 26 5 11
15 154 27 6 8
15 155 4 8 11
15 155 24 3 10
15 155 27 9 16
15 156 22 8 9
15 156 24 4 13
15 156 25 3 8
15 156 26 2 17
15 156 27 1 3
15 157 23 10 14
15 157 25 4 9
15 157 26 13 14
15 157 27 4 14
16 128 13 1 3
16 129 13 4 16
16 130 11 5 11
16 130 12 6 17
16 131 22 5 13
16 131 23 6 16
16 132 22 3 17
16 132 23 1 2
16 132 24 3 12
16 133 9 9 15
16 133 11 7 15
16 133 22 4 7
16 133 24 3 4
16 134 10 3 18
16 134 12 13 18
16 134 24 4 5
16 134 25 6 9
16 135 10 4 7
16 135 11 8 13
16 135 12 1 9
16 136 9 13 16
16 136 21 1 13
16 137 4 11 15
16 137 7 7 15
16 137 8 11 17
16 137 10 1 12
16 137 21 5 8
16 137 22 6 12
16 137 27 2 14
16 138 4 1 2
16 138 5 16 18
16 138 8 9 18
16 138 11 14 16
16 139 4 2 17
16 139 10 1 17
16 139 23 2 15
16 140 24 5 18
16 140 25 6 15
16 141 26 16 18
16 142 25 3 17
16 143 24 9 13
16 143 25 2 4
16 145 22 10 12
16 147 24 7 12
16 148 24 10 16
16 149 23 10 17
16 151 27 9 10
16 152 9 3 16
16 152 25 3 16
16 152 26 10 15
16 153 8 9 17
16 153 9 4 11
16 153 24 1 17
16 153 25 4 15
16 153 27 9 18
16 154 3 13 15
16 154 4 2 9
16 154 6 10 12
16 154 26 5 18
16 154 27 6 14
16 155 4 16 18
16 155 5 1 14
16 155 22 9 15
16 155 25 9 16
16 156 3 11 17
16 156 23 5 18
16 156 24 6 17
16 156 27 1 2
17 128 13 2 16
17 129 12 8 17
17 130 12 7 14
17 132 23 2 13
17 134 11 9 10
17 134 22 7 10
17 135 12 2 8
17 136 10 1 10
17 136 21 2 9
17 136 22 8 16
17 137 5 11 14
17 137 9 13 14
17 137 10 2 8
17 137 21 13 17
17 138 4 2 8
17 138 7 10 16
17 139 6 11 17
17 139 10 1 2
17 143 16 1 8
17 145 21 13 16
17 146 20 11 17
17 146 22 12 15
17 147 23 13 18
17 148 24 10 11
17 150 26 11 15
17 150 27 3 12
17 151 27 4 18
17 153 3 15 16
17 153 10 1 14
17 153 24 2 8
17 154 2 7 17
17 154 4 12 18
17 154 5 7 13
17 154 26 12 15
17 155 4 5 8
17 155 5 2 6
17 155 27 3 18
17 156 2 3 8
17 156 3 5 16
17 156 4 6 14
17 156 5 8 11
17 156 27 2 4
17 157 2 4 17
18 119 13 1 15
18 120 14 7 18
18 123 13 8 16
18 124 12 1 17
18 125 9 5 15
18 125 10 6 7
18 125 12 8 15
18 126 10 7 18
18 126 13 11 18
18 128 12 9 12
18 131 12 10 16
18 132 11 16 17
18 133 10 5 17
18 133 11 6 15
18 134 12 9 18
18 135 22 9 10
18 136 10 2 9
18 137 4 7 9
18 137 6 1 14
18 137 7 7 12
18 138 5 1 11
18 139 4 8 15
18 139 6 3 7
18 139 7 14 16
18 139 9 5 8
18 139 10 2 6
18 140 5 8 18
18 140 6 4 17
18 142 16 7 9
18 143 16 2 3
18 144 16 4 5
18 144 17 6 11
18 144 18 7 11
18 144 20 1 15
18 145 21 7 18
18 146 21 13 14
18 148 25 3 14
18 149 25 4 12
18 150 26 1 13
18 150 27 1 14
18 151 12 8 16
18 151 26 7 11
18 152 11 3 17
18 152 24 9 15
18 152 25 1 5
18 152 26 6 7
18 153 10 1 2
18 153 11 4 12
18 153 25 1 18
18 153 26 8 12
18 154 3 7 13
18 154 4 5 9
18 154 5 6 15
18 154 25 3 13
18 155 2 9 10
18 155 5 9 10
18 155 6 3 18
18 155 25 4 11
18 156 6 4 14
18 158 7 8 12
19 119 13 2 7
19 121 13 8 16
19 121 14 10 16
19 122 12 7 17
19 122 13 9 17
19 124 12 2 9
19 125 11 8 16
19 126 10 10 17
19 126 14 14 15
19 127 10 8 10
19 127 13 5 16
19 127 14 6 11
19 127 15 1 18
19 128 11 5 13
19 128 12 6 17
19 137 6 2 13
19 138 4 9 10
19 138 5 2 7
19 138 6 5 14
19 138 7 6 10
19 138 9 8 9
19 139 5 9 15
19 140 6 10 18
19 140 8 1 12
19 143 16 1 10
19 143 19 12 15
19 144 18 5 14
19 144 19 6 14
19 144 20 2 18
19 145 18 10 12
19 146 16 5 7
19 146 17 6 8
19 146 21 7 10
19 148 11 5 7
19 148 12 3 6
19 149 12 4 5
19 149 13 6 16
19 149 24 13 15
19 150 12 9 17
19 150 23 1 15
19 150 25 15 18
19 150 26 1 2
19 150 27 2 3
19 151 24 7 18
19 151 26 15 18
19 151 27 4 14
19 152 25 2 12
19 152 26 9 10
19 152 27 8 18
19 153 10 2 13
19 153 25 2 13
19 153 26 10 16
19 154 3 3 15
19 154 25 15 17
19 155 3 4 10
19 155 4 3 18
19 155 5 11 16
19 155 26 14 18
19 156 4 4 17
19 157 7 9 11
19 158 6 12 13
20 120 13 9 10
20 123 12 10 16
20 124 11 9 17
20 126 10 7 9
20 127 15 2 14
20 136 8 5 7
20 136 9 3 6
20 137 9 4 9
20 139 5 10 15
20 140 6 5 18
20 140 7 6 13
20 140 8 2 8
20 142 17 15 16
20 143 16 2 17
20 143 18 13 18
20 145 17 9 13
20 147 16 7 10
20 147 21 1 10
20 148 20 7 12
20 148 22 3 15
20 148 23 12 16
20 149 11 10 12
20 149 22 4 17
20 149 23 8 18
20 150 23 2 8
20 150 24 7 11
20 150 26 2 12
20 151 27 7 9
20 152 24 10 13
20 155 6 14 15
20 156 7 15 18
20 157 3 12 15
20 157 8 14 18
20 158 4 15 18
20 158 5 5 13
20 158 6 6 16
20 159 5 17 18
21 127 10 10 12
21 131 7 1 7
21 132 6 1 7
21 134 4 1 7
21 137 8 1 10
21 138 7 3 15
21 139 6 1 5
21 139 7 4 6
21 139 8 9 18
21 146 17 5 11
21 146 18 5 6
21 146 19 6 15
21 146 20 3 5
21 146 21 6 15
21 146 22 7 15
21 147 20 4 18
21 147 21 1 2
21 147 22 5 18
21 147 23 6 18
21 148 14 3 5
21 148 15 5 6
21 148 16 6 10
21 148 19 8 13
21 148 22 8 13
21 148 23 3 9
21 149 10 3 13
21 149 14 4 12
21 149 20 3 10
21 149 23 4 9
21 150 10 4 7
21 150 20 3 4
21 150 25 13 14
21 151 20 4 12
21 151 24 1 10
21 152 27 10 12
21 156 0 1 15
21 157 1 3 18
21 157 2 13 16
21 158 1 4 17
22 127 9 13 16
22 128 8 7 17
22 131 7 2 12
22 131 8 1 16
22 132 6 2 8
22 132 7 10 17
22 133 6 10 11
22 134 4 2 7
22 135 4 8 10
22 136 5 1 11
22 137 8 1 2
22 139 5 5 8
22 139 6 2 6
22 146 18 14 15
22 147 19 9 18
22 147 21 2 7
22 147 22 9 10
22 149 13 12 13
22 151 10 10 11
22 151 19 1 13
22 151 24 2 5
22 151 25 6 15
22 152 26 13 18
22 155 1 7 16
22 156 0 2 17
23 129 8 10 15
23 130 9 16 18
23 131 6 9 13
23 131 8 2 17
23 132 6 3 7
23 133 5 7 11
23 133 6 4 16
23 133 7 14 16
23 134 4 9 15
23 134 5 5 17
23 134 6 6 17
23 135 4 10 15
23 135 5 8 18
23 136 5 2 18
23 136 6 14 16
23 137 5 5 17
23 137 6 6 11
23 137 8 2 8
23 138 5 3 9
23 139 5 1 4
23 148 21 10 15
23 149 12 3 13
23 149 22 12 18
23 150 12 4 16
23 150 19 7 11
23 151 11 14 17
23 151 19 2 7
23 152 18 7 11
23 156 1 1 10
24 133 6 10 14
24 134 5 9 10
24 136 8 9 16
24 137 7 14 17
24 139 5 2 11
24 149 21 13 16
24 150 20 14 17
24 151 19 10 12
24 152 18 7 11
24 152 19 10 14
24 153 18 10 16
24 154 17 7 17
24 155 14 3 11
24 156 1 1 2
24 156 14 1 4
25 138 7 12 16
25 139 6 14 17
25 142 6 7 11
25 151 18 7 13
25 152 19 7 14
25 153 18 1 10
25 155 2 15 16
25 155 15 11 14
25 155 17 1 10
25 156 1 2 17
25 156 3 8 18
25 156 14 2 3
25 156 15 5 11
25 156 16 6 8
25 157 13 8 11
25 157 14 4 12
26 99 16 8 12
26 111 23 5 12
26 111 24 5 6
26 111 25 6 12
26 136 3 5 8
26 136 4 3 6
26 137 1 3 16
26 137 4 4 12
26 137 5 12 16
26 137 7 1 16
26 138 0 15 17
26 138 1 4 12
26 138 4 12 17
26 138 6 13 17
26 139 1 8 18
26 140 1 8 11
26 140 3 8 11
26 142 7 7 14
26 143 5 3 5
26 143 6 6 10
26 144 4 3 15
26 144 5 3 4
26 145 4 4 7
26 145 5 4 18
26 151 14 11 16
26 152 13 12 17
26 152 18 1 10
26 153 18 2 8
26 153 19 1 10
26 154 4 8 16
26 154 12 5 16
26 154 13 6 7
26 154 14 12 16
26 155 3 9 17
26 155 11 15 17
26 155 13 3 17
26 155 14 3 7
26 155 16 9 14
26 155 17 2 16
26 156 12 7 18
26 156 13 4 9
26 156 14 3 4
26 156 16 14 17
26 157 12 1 12
26 157 13 8 13
26 157 14 4 14
27 98 16 9 11
27 99 15 7 13
27 111 21 5 15
27 111 22 6 13
27 111 24 11 13
27 112 22 8 18
27 135 3 9 15
27 136 4 8 18
27 136 6 8 16
27 137 1 7 11
27 137 2 1 11
27 137 3 13 15
27 137 4 5 13
27 137 5 6 17
27 137 7 2 7
27 138 0 13 15
27 138 1 9 12
27 138 3 1 13
27 138 4 16 18
27 139 1 9 18
27 139 3 9 17
27 140 0 1 15
27 140 2 14 16
27 140 4 14 16
27 141 1 17 18
27 141 3 7 17
27 143 7 7 10
27 146 3 5 7
27 146 4 6 10
27 151 14 5 7
27 151 15 6 14
27 152 3 7 8
27 152 12 1 13
27 152 18 2 9
27 152 20 12 16
27 153 4 7 9
27 153 13 8 16
27 153 14 8 15
27 153 15 8 16
27 153 18 7 12
27 153 19 2 17
27 154 12 3 17
27 154 13 5 13
27 154 14 6 17
27 154 15 3 18
27 154 16 8 16
27 155 12 4 11
27 155 13 3 10
27 155 15 4 17
27 156 13 4 9
27 156 14 3 10
27 157 11 1 13
27 157 12 2 10
27 157 13 5 8
27 157 14 4 6
28 96 13 1 15
28 97 14 15 18
28 98 15 15 18
28 98 17 14 16
28 99 16 17 18
28 100 15 10 12
28 111 22 1 9
28 111 23 5 11
28 111 24 6 15
28 111 25 8 14
28 112 25 1 18
28 135 4 7 9
28 135 6 7 9
28 136 1 1 16
28 137 0 15 17
28 137 1 1 7
28 137 2 2 14
28 137 3 8 14
28 137 6 8 11
28 138 0 1 13
28 138 1 10 18
28 138 3 2 16
28 138 7 10 11
28 139 1 7 15
28 139 2 8 17
28 139 5 8 16
28 140 0 2 3
28 140 2 16 18
28 140 4 16 17
28 141 0 1 4
28 141 1 12 17
28 141 2 3 15
28 141 3 12 17
28 142 2 1 4
28 142 3 10 18
28 144 7 10 12
28 147 3 5 10
28 147 4 6 16
28 148 3 11 17
28 150 3 1 5
28 150 4 6 11
28 151 3 8 9
28 151 12 3 7
28 152 12 2 4
28 152 13 9 11
28 152 14 9 10
28 152 15 9 11
28 152 17 5 12
28 152 18 3 6
28 152 19 13 16
28 153 3 10 15
28 153 15 5 11
28 153 16 6 9
28 153 17 12 13
28 153 18 4 17
28 154 4 10 18
28 154 18 7 10
28 155 13 7 14
28 155 14 8 16
28 156 13 9 17
28 157 11 2 8
28 157 12 11 12
28 157 13 8 12
29 93 18 11 16
29 94 17 1 17
29 96 13 2 7
29 100 14 11 13
29 102 8 11 12
29 103 8 7 15
29 104 9 11 18
29 108 16 1 8
29 109 22 1 3
29 110 22 1 4
29 110 25 9 16
29 111 22 2 8
29 111 24 14 17
29 112 25 2 3
29 113 25 3 4
29 113 26 3 5
29 113 27 6 7
29 114 25 4 5
29 114 26 4 6
29 133 1 15 16
29 134 0 11 17
29 134 2 15 18
29 135 1 3 8
29 135 3 7 18
29 135 4 12 16
29 135 8 7 12
29 136 1 2 4
29 136 3 9 17
29 136 4 8 10
29 136 6 9 10
29 137 1 2 12
29 137 2 8 16
29 137 5 5 12
29 137 6 3 6
29 137 7 11 14
29 137 8 11 12
29 137 10 11 12
29 138 0 1 2
29 138 1 10 17
29 138 2 9 16
29 138 5 9 16
29 138 6 3 4
29 138 8 1 14
29 139 1 1 17
29 139 4 3 17
29 139 5 3 16
29 139 6 4 7
29 139 11 3 8
29 140 1 5 10
29 140 2 5 6
29 140 3 6 7
29 140 4 4 17
29 140 5 4 16
29 140 6 1 8
29 140 11 4 12
29 141 0 2 13
29 141 2 5 13
29 141 3 6 16
29 141 4 12 17
29 142 2 2 17
29 142 4 1 8
29 143 0 5 7
29 143 1 5 6
29 143 2 6 12
29 144 6 8 13
29 145 0 11 15
29 146 1 1 18
29 148 0 3 7
29 148 3 8 16
29 148 4 14 16
29 149 0 4 8
29 149 1 1 12
29 149 2 5 17
29 149 3 6 17
29 149 18 7 15
29 150 3 2 9
29 150 5 7 14
29 150 19 7 18
29 152 12 10 15
29 152 14 1 14
29 152 16 13 14
29 153 13 5 18
29 153 14 6 8
29 153 16 13 14
29 154 12 7 11
29 154 14 9 16
29 154 18 3 8
29 155 13 8 17
29 155 18 4 10
29 156 11 9 11
29 156 12 1 15
29 156 13 9 10
29 157 11 3 13
29 157 12 13 15
29 157 13 14 18
29 158 11 1 4
29 158 13 5 18
29 158 14 5 6
29 158 15 6 8
30 93 17 1 5
30 93 18 1 6
30 93 19 7 14
30 94 17 2 15
30 94 18 3 8
30 95 16 8 11
30 95 18 4 18
30 96 19 8 11
30 97 13 10 16
30 98 12 8 17
30 100 15 3 14
30 101 15 4 8
30 102 7 8 13
30 102 9 3 14
30 103 9 3 4
30 104 8 5 10
30 104 9 4 6
30 104 10 12 14
30 105 13 11 12
30 106 22 3 7
30 106 24 11 15
30 107 16 7 9
30 107 21 11 15
30 107 22 4 11
30 107 24 5 15
30 107 25 6 18
30 108 16 2 5
30 108 17 6 11
30 108 21 1 12
30 108 22 16 18
30 108 24 8 16
30 108 25 7 18
30 109 21 8 17
30 109 22 2 5
30 109 23 6 17
30 110 22 2 9
30 111 16 8 12
30 112 25 3 5
30 112 26 6 11
30 113 25 4 7
30 113 27 3 8
30 114 27 4 10
30 120 25 8 12
30 128 2 7 11
30 134 1 9 14
30 135 3 7 13
30 135 4 1 9
30 135 7 12 13
30 136 1 5 11
30 136 2 6 9
30 136 3 8 10
30 136 4 8 16
30 136 8 3 10
30 137 0 5 13
30 137 1 1 6
30 137 2 5 11
30 137 3 6 17
30 137 4 3 13
30 137 6 11 16
30 137 7 13 15
30 137 8 4 14
30 137 9 13 14
30 137 11 8 14
30 138 0 2 5
30 138 1 6 11
30 138 2 5 8
30 138 3 3 6
30 138 4 4 5
30 138 5 6 17
30 138 8 2 18
30 138 11 9 12
30 139 1 2 5
30 139 2 6 12
30 139 3 1 4
30 139 6 5 9
30 139 7 6 12
30 139 11 5 16
30 139 12 6 11
30 140 4 3 8
30 140 6 2 10
30 140 10 13 17
30 141 3 10 13
30 141 4 4 9
30 141 7 1 12
30 141 9 12 16
30 142 4 1 2
30 142 8 3 17
30 142 9 5 7
30 142 10 1 6
30 143 1 13 15
30 143 6 7 9
30 143 8 4 12
30 144 0 1 10
30 144 2 3 18
30 144 4 3 8
30 145 0 5 8
30 145 1 6 14
30 145 2 4 12
30 145 4 4 8
30 145 14 3 8
30 146 1 2 15
30 146 9 7 8
30 146 14 4 8
30 147 2 1 18
30 147 3 9 16
30 147 5 1 16
30 147 10 3 8
30 148 0 9 11
30 148 2 7 17
30 148 4 7 17
30 148 10 4 12
30 149 0 10 13
30 149 1 2 7
30 150 9 1 12
30 150 10 3 8
30 150 18 1 10
30 151 5 1 10
30 151 10 4 11
30 151 19 10 12
30 152 14 2 9
30 153 18 9 12
30 154 13 9 14
30 155 12 10 11
30 156 12 2 14
30 157 15 1 9
30 158 9 8 11
30 158 11 2 12
31 93 17 2 16
31 93 18 2 9
31 94 16 9 17
31 94 18 7 16
31 94 19 5 10
31 94 20 6 16
31 95 17 14 17
31 95 19 9 17
31 96 20 11 14
31 97 12 9 12
31 97 13 11 12
31 98 10 1 12
31 98 12 7 15
31 99 13 16 18
31 99 14 5 15
31 99 15 6 16
31 100 12 15 17
31 100 13 3 5
31 100 14 6 17
31 100 15 9 18
31 101 7 5 9
31 101 8 6 16
31 101 11 11 16
31 101 13 4 18
31 101 14 8 16
31 101 15 8 11
31 101 17 5 12
31 101 18 6 11
31 102 7 5 17
31 102 8 5 6
31 102 9 1 6
31 102 10 15 17
31 102 13 1 17
31 102 15 1 12
31 103 11 5 18
31 103 12 6 15
31 104 9 12 13
31 104 11 1 11
31 104 13 12 18
31 104 15 8 15
31 105 12 7 13
31 105 14 14 15
31 105 16 12 18
31 106 14 11 16
31 106 15 8 18
31 106 16 12 15
31 106 25 14 16
31 107 12 8 12
31 107 13 1 17
31 107 15 7 12
31 107 17 16 18
31 107 19 15 16
31 107 22 10 14
31 107 23 14 16
31 107 24 9 17
31 108 12 5 16
31 108 13 1 6
31 108 14 8 15
31 108 16 10 17
31 108 18 14 17
31 108 20 13 18
31 108 21 2 9
31 108 22 12 17
31 109 11 8 17
31 109 14 1 12
31 109 15 15 18
31 109 25 8 10
31 110 16 9 18
31 111 15 7 13
31 112 27 9 14
31 114 25 7 10
31 118 26 5 16
31 118 27 6 16
31 119 22 1 7
31 119 23 7 8
31 119 24 1 3
31 119 25 9 17
31 119 26 7 17
31 120 24 4 13
31 121 24 1 8
31 128 2 5 15
31 128 3 6 14
31 129 2 10 11
31 129 3 3 18
31 130 3 1 4
31 135 3 1 9
31 135 4 2 9
31 135 5 7 15
31 135 6 13 15
31 136 2 5 14
31 136 3 6 10
31 136 6 7 18
31 136 7 5 18
31 136 8 6 15
31 136 10 1 16
31 136 11 9 16
31 137 1 2 7
31 137 2 9 16
31 137 3 1 14
31 137 7 14 15
31 137 9 17 18
31 137 10 3 17
31 138 1 5 17
31 138 2 6 14
31 138 3 5 8
31 138 4 5 6
31 138 5 6 15
31 138 8 16 18
31 138 10 4 13
31 139 1 8 13
31 139 3 2 15
31 139 4 9 11
31 139 6 13 18
31 139 7 15 17
31 139 9 3 8
31 139 13 8 14
31 140 4 8 18
31 140 7 1 3
31 140 8 3 18
31 140 9 4 15
31 141 6 13 15
31 141 7 2 4
31 141 8 4 13
31 141 9 12 16
31 141 10 3 18
31 142 1 3 15
31 142 3 15 16
31 142 4 2 7
31 142 6 5 15
31 142 7 6 18
31 142 8 1 17
31 142 9 3 12
31 142 10 2 4
31 143 0 11 15
31 143 1 4 15
31 143 2 17 18
31 143 4 9 18
31 143 7 13 18
31 143 9 4 10
31 144 0 2 9
31 144 1 7 18
31 144 2 1 18
31 144 4 1 9
31 144 6 10 11
31 144 8 12 15
31 144 13 3 12
31 144 14 9 11
31 145 0 1 8
31 145 1 7 13
31 145 2 7 11
31 145 9 9 18
31 145 13 4 5
31 145 14 6 9
31 146 1 1 16
31 146 7 8 15
31 146 10 5 9
31 146 11 5 6
31 146 12 6 8
31 147 0 11 17
31 147 2 2 8
31 147 5 2 12
31 147 8 7 18
31 147 9 10 12
31 148 1 5 14
31 148 2 3 6
31 148 6 5 15
31 148 7 6 11
31 148 8 15 16
31 148 9 7 13
31 149 2 4 10
31 149 4 8 10
31 149 7 17 18
31 149 9 1 18
31 149 10 3 9
31 150 0 8 15
31 150 1 10 16
31 150 8 13 16
31 150 9 2 5
31 150 10 4 6
31 150 18 2 7
31 151 0 7 17
31 151 1 15 18
31 151 2 11 12
31 151 5 2 3
31 151 7 7 17
31 151 11 3 14
31 151 14 11 15
31 151 16 1 12
31 151 18 13 16
31 152 2 8 18
31 152 5 4 8
31 152 11 4 12
31 152 14 5 15
31 152 15 6 18
31 152 16 3 15
31 152 17 7 17
31 153 8 7 11
31 153 14 5 7
31 153 15 6 18
31 153 16 4 11
31 153 17 13 18
31 155 13 5 14
31 155 14 6 15
31 156 10 7 12
31 156 11 3 12
31 156 15 3 18
31 157 9 5 9
31 157 10 5 6
31 157 11 4 6
31 157 15 2 4
31 158 10 13 14
32 95 12 1 3
32 95 18 1 10
32 96 10 3 8
32 96 12 4 16
32 96 21 1 14
32 97 10 4 16
32 97 11 13 17
32 97 12 12 13
32 97 14 5 14
32 97 15 1 6
32 98 9 13 17
32 98 10 2 5
32 98 11 6 8
32 98 13 7 11
32 98 14 11 15
32 99 12 3 10
32 99 13 3 15
32 99 14 5 8
32 99 15 6 18
32 100 11 11 16
32 100 12 4 5
32 100 13 4 6
32 100 14 9 18
32 100 15 1 9
32 101 9 1 5
32 101 10 6 17
32 101 12 14 15
32 101 16 13 14
32 101 19 12 14
32 102 9 2 8
32 102 13 2 18
32 102 14 13 15
32 102 15 1 2
32 103 8 3 15
32 103 10 5 15
32 103 11 6 11
32 103 15 9 18
32 104 8 4 13
32 104 9 8 18
32 104 11 2 18
32 104 12 13 14
32 105 14 3 11
32 105 15 9 13
32 106 12 9 10
32 106 14 4 16
32 106 15 13 14
32 106 24 3 16
32 107 11 3 13
32 107 12 3 8
32 107 13 2 17
32 107 14 9 13
32 107 23 1 17
32 107 24 4 15
32 108 11 4 9
32 108 12 1 4
32 108 13 2 5
32 108 14 5 6
32 108 15 6 10
32 108 21 5 13
32 108 22 3 6
32 108 25 9 18
32 109 13 12 13
32 109 14 2 12
32 109 22 4 8
32 112 15 3 10
32 113 15 4 11
32 115 25 10 15
32 116 26 12 18
32 118 23 5 9
32 118 24 1 6
32 119 22 1 2
32 119 24 2 11
32 120 22 10 15
32 120 23 5 10
32 120 24 6 9
32 120 25 5 7
32 120 26 6 10
32 121 23 8 18
32 121 24 1 2
32 122 22 5 8
32 122 23 6 8
32 128 3 3 12
32 129 3 4 14
32 130 3 2 11
32 133 0 1 5
32 133 1 1 6
32 134 1 1 5
32 134 2 5 6
32 134 3 6 15
32 135 3 2 3
32 135 4 15 18
32 136 2 1 8
32 136 3 4 12
32 136 5 10 18
32 136 10 2 16
32 137 3 2 9
32 137 6 3 10
32 137 7 7 16
32 137 9 3 17
32 138 1 9 10
32 138 4 11 16
32 138 6 4 17
32 138 9 4 9
32 138 13 9 16
32 139 3 12 17
32 139 4 8 9
32 139 5 8 14
32 139 6 3 11
32 139 12 15 17
32 140 6 4 8
32 140 7 1 2
32 140 12 1 12
32 140 13 12 18
32 141 8 5 13
32 141 9 6 8
32 142 7 8 16
32 142 8 2 13
32 142 15 8 12
32 143 1 11 14
32 143 4 5 10
32 143 5 3 6
32 143 6 8 17
32 143 11 12 15
32 144 0 9 15
32 144 2 2 12
32 144 4 2 16
32 144 5 4 12
32 144 6 1 16
32 144 7 13 14
32 144 12 13 18
32 144 15 11 14
32 145 0 1 2
32 145 1 10 18
32 145 3 14 17
32 145 5 11 17
32 145 7 9 12
32 145 8 8 11
32 145 12 3 9
32 145 13 3 12
32 146 1 2 10
32 146 2 9 10
32 146 11 11 15
32 146 12 3 4
32 146 13 4 12
32 147 1 14 16
32 147 4 11 13
32 147 8 12 13
32 147 12 4 18
32 148 0 5 17
32 148 1 6 16
32 148 3 11 15
32 148 4 3 9
32 148 8 10 14
32 148 17 1 16
32 148 18 8 12
32 149 0 9 17
32 149 1 8 12
32 149 3 1 16
32 149 4 4 18
32 149 7 8 12
32 149 9 2 10
32 149 16 7 17
32 150 0 5 7
32 150 1 6 7
32 150 2 16 17
32 151 0 3 7
32 151 1 13 17
32 151 2 8 9
32 151 3 11 14
32 151 5 1 9
32 151 6 11 15
32 151 15 13 14
32 151 16 2 8
32 151 18 10 16
32 152 0 4 10
32 152 7 10 18
32 152 10 13 16
32 152 17 7 17
32 153 9 14 17
32 153 17 10 14
32 154 8 3 10
32 154 14 7 10
32 155 8 4 11
32 155 14 8 15
32 156 9 8 13
32 156 10 3 13
32 156 15 8 18
32 157 10 4 10
33 94 10 3 15
33 95 10 4 9
33 95 11 11 18
33 95 12 2 7
33 95 18 2 3
33 96 18 4 16
33 96 21 2 7
33 97 11 9 13
33 97 15 2 3
33 97 17 8 17
33 98 14 9 14
33 98 15 4 14
33 98 18 3 5
33 98 19 3 6
33 99 11 5 7
33 99 12 6 16
33 99 13 10 11
33 99 14 1 15
33 99 18 4 11
33 99 19 4 11
33 100 10 1 8
33 100 11 8 17
33 100 12 5 14
33 100 13 1 6
33 100 15 2 18
33 101 9 2 9
33 101 14 7 12
33 101 18 8 13
33 102 14 1 7
33 102 15 2 15
33 103 9 9 15
33 103 12 12 14
33 103 16 3 18
33 104 10 15 18
33 104 11 1 15
33 104 16 4 8
33 105 11 8 18
33 105 12 1 18
33 105 15 11 14
33 106 12 3 9
33 107 12 4 12
33 107 21 1 5
33 107 22 6 11
33 107 23 1 2
33 108 12 2 15
33 108 22 1 9
33 109 12 1 13
33 109 13 13 18
33 110 11 5 8
33 110 12 1 6
33 113 15 5 15
33 113 16 6 14
33 114 16 8 18
33 116 24 3 5
33 116 25 6 13
33 117 24 4 11
33 117 26 8 16
33 118 24 2 11
33 118 25 12 17
33 118 26 3 16
33 119 22 2 5
33 119 23 1 6
33 119 25 14 17
33 119 26 4 7
33 119 27 12 16
33 120 23 9 15
33 120 24 11 16
33 120 26 15 17
33 120 27 3 7
33 121 22 3 9
33 121 23 9 17
33 121 24 2 18
33 121 25 8 10
33 121 27 4 18
33 122 22 4 5
33 122 23 6 15
33 122 26 8 12
33 123 24 16 18
33 124 23 11 17
33 128 2 7 13
33 130 3 1 8
33 130 4 7 14
33 131 8 1 16
33 132 7 12 17
33 133 0 2 7
33 133 1 2 11
33 134 1 2 12
33 134 3 12 16
33 135 2 9 17
33 135 3 1 8
33 136 2 2 13
33 136 8 5 12
33 136 9 6 7
33 137 1 8 12
33 137 3 11 16
33 137 5 8 16
33 137 8 11 16
33 138 2 12 17
33 138 3 15 16
33 138 4 9 17
33 138 5 9 14
33 138 7 10 17
33 139 0 7 8
33 139 2 13 17
33 139 3 5 16
33 139 4 6 18
33 139 6 9 16
33 139 7 3 14
33 140 2 12 17
33 140 5 7 17
33 140 7 2 4
33 140 9 5 9
33 140 10 1 6
33 140 11 13 15
33 140 12 2 13
33 141 7 8 9
33 141 12 11 18
33 141 15 1 9
33 142 6 3 9
33 142 14 13 15
33 143 2 7 14
33 143 6 4 16
33 143 7 1 15
33 143 10 11 13
33 143 15 15 18
33 144 1 7 13
33 144 4 5 13
33 144 5 6 17
33 144 6 1 2
33 144 8 9 18
33 144 13 8 16
33 144 16 14 18
33 145 0 2 8
33 145 6 13 14
33 145 9 12 14
33 145 12 13 17
33 145 16 8 16
33 146 3 3 11
33 146 12 13 14
33 146 15 15 17
33 147 3 4 11
33 147 5 3 14
33 147 7 11 13
33 147 16 11 18
33 147 18 9 12
33 148 1 8 9
33 148 4 14 16
33 148 5 4 12
33 148 7 1 9
33 148 17 2 13
33 149 0 11 13
33 149 2 7 12
33 149 3 2 17
33 149 5 1 7
33 149 6 12 13
33 150 2 9 11
33 150 3 3 11
33 150 4 7 12
33 150 16 9 10
33 151 0 7 10
33 151 1 10 15
33 151 3 4 11
33 151 4 12 14
33 151 5 2 15
33 151 7 14 16
33 152 0 1 10
33 152 2 12 18
33 152 6 17 18
33 152 18 7 16
33 153 15 3 16
33 153 17 10 17
33 154 14 9 17
33 154 15 4 11
33 155 9 9 14
33 155 14 5 10
33 155 15 6 9
34 91 22 7 11
34 94 23 8 12
34 95 12 14 15
34 96 12 3 10
34 96 13 16 18
34 96 17 7 9
34 96 21 3 8
34 97 12 4 17
34 97 21 4 10
34 98 15 5 8
34 98 16 6 16
34 98 19 1 3
34 99 10 9 15
34 99 11 9 15
34 99 12 1 5
34 99 13 6 7
34 99 14 2 14
34 99 15 3 17
34 99 19 4 14
34 99 20 14 16
34 100 10 1 2
34 100 11 10 18
34 100 12 15 18
34 100 13 2 8
34 100 15 1 4
34 100 18 1 9
34 100 19 8 17
34 101 11 8 15
34 101 12 1 3
34 101 13 13 18
34 102 12 4 18
34 102 14 2 10
34 102 15 8 16
34 103 10 3 5
34 103 11 6 13
34 103 14 10 17
34 103 16 3 9
34 104 10 4 11
34 104 11 2 9
34 104 16 4 15
34 105 12 2 7
34 105 16 5 14
34 105 17 6 18
34 107 10 5 11
34 107 11 6 13
34 107 21 2 15
34 107 23 2 14
34 108 22 2 18
34 109 11 5 9
34 109 12 2 6
34 109 13 15 16
34 110 12 2 17
34 110 14 7 18
34 112 14 8 15
34 113 15 5 18
34 113 16 6 9
34 115 26 1 7
34 115 27 3 12
34 116 26 5 9
34 116 27 4 6
34 117 25 14 16
34 118 24 13 17
34 118 25 12 14
34 119 23 2 3
34 119 24 1 16
34 119 25 11 15
34 119 26 8 13
34 120 23 4 17
34 120 25 9 14
34 120 26 10 18
34 121 24 5 11
34 121 25 6 16
34 121 26 8 9
34 121 27 7 10
34 122 24 12 17
34 122 25 13 16
34 123 24 8 17
34 124 23 1 5
34 124 24 6 14
34 129 2 10 15
34 129 3 9 15
34 130 3 2 18
34 130 4 7 18
34 131 4 5 10
34 131 5 6 15
34 131 8 2 3
34 132 6 13 18
34 132 8 4 12
34 133 2 11 14
34 133 3 1 8
34 134 0 10 13
34 134 2 5 13
34 134 3 6 9
34 134 4 8 15
34 134 6 12 15
34 135 3 2 16
34 135 5 11 18
34 135 7 3 18
34 136 1 8 9
34 136 2 16 17
34 136 5 9 16
34 136 7 4 13
34 137 0 3 13
34 137 1 11 17
34 137 4 14 17
34 137 9 10 14
34 138 0 4 9
34 138 1 13 16
34 139 0 1 17
34 140 0 5 10
34 140 1 6 13
34 140 6 15 16
34 140 7 9 12
34 140 10 2 8
34 141 3 8 11
34 141 5 10 17
34 141 7 12 18
34 141 13 14 15
34 141 15 2 8
34 142 4 11 12
34 142 7 8 11
34 142 9 3 15
34 142 14 7 18
34 143 7 2 16
34 143 9 4 12
34 143 10 16 18
34 143 11 12 14
34 143 13 9 15
34 144 0 9 15
34 144 2 10 11
34 144 6 2 17
34 144 7 15 16
34 144 9 8 17
34 144 14 8 18
34 144 16 1 9
34 145 1 10 18
34 145 6 7 17
34 145 8 13 18
34 146 4 7 14
34 147 0 5 7
34 147 1 6 9
34 147 4 3 14
34 147 7 3 5
34 147 8 6 14
34 147 17 13 14
34 148 1 5 12
34 148 2 5 6
34 148 3 6 7
34 148 4 4 13
34 148 7 2 4
34 149 1 13 14
34 149 3 11 16
34 149 5 2 13
34 149 16 7 12
34 150 2 10 17
34 150 3 13 14
34 150 4 12 14
34 150 5 8 10
34 151 2 1 8
34 151 3 13 16
34 151 4 10 14
34 151 15 3 11
34 151 16 1 8
34 152 0 2 10
34 152 1 11 13
34 152 2 11 17
34 152 15 4 15
34 152 19 3 8
34 153 15 11 15
34 153 16 5 18
34 153 17 6 12
34 153 18 7 10
34 153 19 4 16
34 154 16 14 18
34 154 17 5 8
34 154 18 6 17
35 91 23 3 14
35 92 22 7 10
35 92 23 4 16
35 93 22 11 17
35 93 23 1 9
35 94 22 11 13
35 95 20 1 5
35 95 21 6 9
35 95 22 1 8
35 97 15 9 12
35 97 17 10 11
35 97 19 3 11
35 98 13 3 16
35 98 19 2 4
35 99 12 2 17
35 99 13 4 9
35 99 17 11 15
35 99 18 5 8
35 99 19 6 9
35 100 10 2 15
35 100 11 9 11
35 100 13 7 10
35 100 15 2 7
35 100 18 2 18
35 100 20 1 8
35 101 11 5 18
35 101 12 2 6
35 101 15 3 9
35 102 15 1 4
35 102 16 8 12
35 103 11 3 7
35 104 10 1 3
35 104 11 4 14
35 104 13 7 8
35 105 10 4 5
35 105 11 6 8
35 105 13 1 16
35 106 12 10 17
35 107 11 5 14
35 107 12 6 16
35 108 11 7 17
35 111 14 9 10
35 115 26 2 13
35 116 25 5 7
35 116 26 6 10
35 118 24 8 13
35 118 26 9 15
35 119 24 2 3
35 119 26 5 14
35 119 27 6 18
35 120 24 4 15
35 120 26 3 9
35 121 23 7 11
35 121 25 14 18
35 121 26 4 11
35 122 23 5 13
35 122 24 6 9
35 122 26 5 8
35 122 27 6 10
35 123 24 1 12
35 123 25 12 16
35 124 23 2 5
35 124 24 6 17
35 130 3 1 16
35 130 8 7 11
35 130 9 1 7
35 131 2 3 17
35 131 4 8 10
35 132 2 4 5
35 132 3 6 9
35 132 7 12 13
35 133 3 2 14
35 133 4 9 16
35 133 7 8 11
35 134 2 5 16
35 134 3 6 17
35 134 5 1 13
35 134 7 1 15
35 135 1 9 17
35 135 6 1 14
35 135 8 12 18
35 136 2 3 16
35 137 1 7 17
35 137 2 4 14
35 139 0 2 8
35 139 4 1 16
35 139 6 7 11
35 139 10 1 9
35 140 3 9 17
35 140 6 8 13
35 140 10 7 8
35 140 15 9 15
35 141 3 8 11
35 141 4 5 14
35 141 5 6 15
35 141 6 8 13
35 141 7 7 9
35 141 11 1 12
35 141 16 7 18
35 142 3 1 13
35 142 5 11 14
35 142 6 11 18
35 142 8 11 14
35 142 11 11 16
35 143 6 8 11
35 143 8 12 13
35 143 9 9 15
35 143 10 13 17
35 143 14 9 10
35 143 17 5 16
35 143 18 6 12
35 144 3 14 15
35 144 10 12 18
35 144 16 2 17
35 145 4 11 18
35 145 9 1 8
35 146 6 7 10
35 147 4 10 16
35 148 0 10 13
35 148 2 5 12
35 148 3 6 17
35 148 20 8 15
35 148 22 8 16
35 149 3 3 10
35 149 4 3 14
35 149 5 9 16
35 149 15 8 13
35 149 21 17 18
35 150 2 1 9
35 150 3 4 13
35 150 4 4 17
35 150 5 8 16
35 150 16 9 10
35 151 1 11 15
35 151 2 2 11
35 151 4 7 17
35 151 16 2 14
35 151 19 9 11
35 152 2 14 18
35 152 3 1 14
35 152 4 1 8
35 153 16 13 14
35 153 17 9 15
35 154 18 10 18
36 93 22 10 11
36 93 23 2 14
36 94 22 9 12
36 94 23 12 14
36 95 20 1 2
36 95 21 12 15
36 95 22 2 3
36 96 21 1 16
36 96 22 4 18
36 97 13 3 7
36 97 14 1 13
36 97 18 1 14
36 97 19 3 12
36 97 20 14 17
36 98 13 3 4
36 98 18 3 9
36 98 19 4 15
36 99 13 4 5
36 99 14 6 11
36 99 18 4 14
36 99 19 1 12
36 99 20 9 18
36 100 12 3 14
36 100 13 11 16
36 100 16 1 12
36 100 20 2 12
36 101 12 4 17
36 101 13 10 11
36 101 15 10 16
36 101 16 1 9
36 102 14 16 17
36 102 15 2 13
36 103 13 9 17
36 104 10 2 15
36 104 11 9 10
36 105 11 5 18
36 105 12 6 11
36 105 13 2 10
36 106 12 8 16
36 107 11 12 17
36 109 11 1 10
36 117 24 5 9
36 117 25 6 10
36 121 24 11 14
36 121 26 5 9
36 121 27 6 14
36 122 23 3 10
36 123 23 4 13
36 123 24 2 13
36 129 8 7 16
36 130 3 2 11
36 130 4 1 9
36 130 7 1 17
36 130 9 2 14
36 131 8 7 10
36 131 9 3 10
36 132 6 3 13
36 132 7 9 16
36 132 9 4 5
36 132 10 1 6
36 133 6 4 17
36 133 8 11 14
36 134 4 5 12
36 134 5 2 6
36 134 7 2 16
36 135 4 8 11
36 135 6 2 17
36 135 7 12 13
36 138 0 3 9
36 138 1 8 10
36 139 0 4 11
36 139 4 2 11
36 139 6 9 15
36 139 7 3 14
36 139 10 2 9
36 140 3 8 9
36 140 6 9 10
36 140 7 4 18
36 141 4 7 14
36 141 8 12 15
36 141 10 10 13
36 141 11 2 15
36 142 3 2 11
36 142 6 9 14
36 142 7 10 14
36 142 9 14 18
36 142 12 14 18
36 142 16 10 15
36 143 7 13 14
36 143 17 13 18
36 144 8 1 15
36 144 9 9 13
36 144 19 12 15
36 145 5 5 14
36 145 6 6 11
36 145 9 2 18
36 145 20 3 18
36 146 20 4 5
36 146 21 6 16
36 147 6 1 10
36 147 20 9 17
36 147 22 9 16
36 148 1 1 13
36 148 15 3 9
36 148 21 15 17
36 149 2 8 16
36 149 5 9 11
36 149 6 8 11
36 149 15 1 4
36 149 22 12 18
36 150 1 8 17
36 150 2 1 2
36 150 21 5 16
36 150 22 3 6
36 151 2 5 14
36 151 3 6 14
36 151 4 9 16
36 151 20 14 17
36 151 22 4 8
36 152 3 2 17
36 152 4 2 10
37 93 23 11 14
37 94 21 11 13
37 94 22 13 15
37 95 20 2 13
37 95 22 11 16
37 95 23 16 18
37 96 21 2 17
37 96 22 8 17
37 97 14 2 7
37 97 18 2 13
37 97 23 1 5
37 97 24 6 11
37 98 13 10 15
37 99 14 12 18
37 99 15 3 14
37 99 18 13 15
37 99 19 2 16
37 100 14 3 14
37 100 15 4 13
37 100 16 2 11
37 100 18 11 17
37 100 19 13 18
37 101 14 4 14
37 101 15 8 15
37 101 16 2 5
37 101 17 6 16
37 102 16 17 18
37 103 15 3 16
37 104 12 3 15
37 104 14 12 17
37 104 15 4 12
37 105 12 4 9
37 105 13 14 18
37 107 10 13 15
37 108 11 3 18
37 109 11 2 4
37 121 25 1 14
37 130 4 2 14
37 130 7 2 16
37 130 8 10 15
37 131 6 15 17
37 131 9 5 18
37 131 10 6 7
37 132 7 5 18
37 132 8 6 10
37 132 10 2 7
37 133 9 1 14
37 134 3 13 15
37 134 4 7 9
37 135 4 1 18
37 135 5 5 14
37 135 6 6 13
37 137 1 5 9
37 137 2 6 15
37 138 3 7 18
37 138 5 5 16
37 138 6 3 6
37 138 23 12 15
37 139 1 11 14
37 139 3 5 9
37 139 4 6 17
37 139 5 5 14
37 139 6 4 6
37 139 23 1 8
37 139 24 7 18
37 141 5 11 12
37 141 7 12 13
37 142 4 10 14
37 144 7 3 16
37 144 8 1 2
37 144 18 12 13
37 145 6 8 17
37 145 7 4 14
37 147 0 8 15
37 147 6 2 3
37 148 1 2 18
37 148 2 8 9
37 148 6 4 9
37 148 15 3 12
37 149 1 9 15
37 149 6 7 14
37 149 7 14 16
37 149 15 2 4
37 149 21 13 15
37 150 2 2 18
37 150 6 1 17
37 150 22 9 18
38 93 23 1 5
38 93 24 6 14
38 94 22 11 14
38 95 22 9 11
38 95 23 3 14
38 96 23 1 4
38 97 12 1 3
38 97 20 8 11
38 97 23 2 15
38 97 25 1 14
38 98 12 1 4
38 98 14 7 10
38 98 23 8 11
38 98 24 1 18
38 99 13 3 13
38 100 13 4 11
38 100 15 9 12
38 100 17 14 15
38 100 19 12 14
38 101 18 12 18
38 103 14 3 8
38 104 9 11 12
38 104 11 1 5
38 104 12 5 6
38 104 13 6 13
38 104 14 4 13
38 119 26 3 7
38 120 26 4 16
38 121 25 2 17
38 132 9 1 11
38 132 10 7 10
38 133 9 2 7
38 133 10 10 12
38 133 11 12 15
38 133 12 8 12
38 134 9 5 12
38 134 10 5 6
38 134 11 5 6
38 134 12 6 18
38 135 4 2 10
38 138 22 5 13
38 138 23 6 9
38 139 2 11 14
38 139 3 3 10
38 139 23 2 16
38 140 3 1 4
38 140 22 8 17
38 140 24 10 11
38 141 1 1 11
38 141 4 8 13
38 141 6 13 14
38 144 6 9 11
38 144 8 2 8
38 144 17 7 13
38 146 0 1 9
38 147 2 1 9
38 148 14 1 13
38 150 6 2 10
39 93 21 11 16
39 93 23 2 7
39 94 20 5 17
39 94 21 6 7
39 94 23 1 14
39 94 24 8 16
39 95 23 14 17
39 96 20 5 9
39 96 21 6 8
39 96 23 2 7
39 96 24 11 12
39 97 12 2 15
39 97 21 11 14
39 97 23 9 12
39 97 25 2 12
39 98 12 2 11
39 98 13 11 18
39 98 24 2 14
39 99 14 7 10
39 100 14 13 14
39 100 18 12 13
39 101 17 8 13
39 102 14 7 9
39 104 6 5 8
39 104 7 6 15
39 104 8 3 13
39 104 10 8 14
39 104 11 1 2
39 104 12 11 16
39 105 8 4 18
39 105 11 12 17
39 106 11 7 16
39 106 12 11 16
39 107 10 8 17
39 107 11 1 17
39 120 26 1 10
39 132 8 3 11
39 132 9 1 2
39 132 10 14 15
39 132 12 1 9
39 133 8 4 11
39 133 9 7 13
39 133 10 10 13
39 133 11 13 18
39 133 14 7 12
39 134 8 8 13
39 134 9 1 10
39 134 13 5 16
39 134 14 3 6
39 135 12 11 17
39 135 14 4 8
39 135 15 1 11
39 137 22 12 16
39 138 21 7 17
39 139 2 3 5
39 139 3 6 14
39 139 22 8 9
39 139 25 7 11
39 140 2 4 15
39 140 3 1 2
39 140 4 8 9
39 140 25 1 14
39 141 1 2 7
39 141 2 7 14
39 141 3 7 18
39 142 8 3 12
39 143 8 4 9
39 144 7 8 14
39 145 0 3 11
39 145 17 7 10
39 146 0 2 4
39 146 1 5 8
39 146 2 6 7
39 147 2 1 2
39 148 14 2 15
39 149 15 8 18
40 93 22 11 14
40 93 24 9 12
40 94 23 2 10
40 95 21 9 10
40 96 22 5 15
40 96 23 6 13
40 96 25 14 16
40 97 22 13 14
40 97 23 10 18
40 97 24 13 17
40 98 13 1 14
40 98 14 11 14
40 98 15 1 11
40 100 13 5 15
40 100 14 6 10
40 100 17 9 13
40 101 14 7 18
40 103 6 1 9
40 103 10 9 15
40 103 11 12 16
40 103 13 11 15
40 103 14 10 12
40 104 9 3 5
40 104 10 6 17
40 104 11 2 18
40 104 13 14 16
40 104 14 7 18
40 105 9 4 15
40 105 10 5 13
40 105 11 6 11
40 105 12 11 17
40 106 10 9 18
40 106 13 12 14
40 107 11 2 10
40 120 26 1 2
40 132 9 2 14
40 132 12 2 15
40 133 7 1 5
40 133 8 6 9
40 133 9 1 14
40 133 13 13 18
40 133 14 7 15
40 134 7 1 5
40 134 8 1 6
40 134 9 2 10
40 134 14 9 10
40 134 15 16 18
40 135 13 5 14
40 135 14 6 17
40 135 15 2 11
40 135 16 11 14
40 135 24 1 11
40 137 21 12 13
40 137 25 8 11
40 138 22 9 16
40 139 1 5 7
40 139 2 5 6
40 139 3 6 8
40 139 4 9 16
40 139 21 10 17
40 139 26 8 14
40 140 2 8 16
40 140 3 2 17
40 140 25 2 10
40 141 1 15 17
40 141 2 15 16
40 142 1 10 17
40 142 2 10 18
40 142 3 10 18
40 142 7 3 13
40 143 7 4 9
40 145 1 9 14
40 146 17 5 10
40 146 18 1 6
40 147 2 2 10
40 147 17 1 12
40 148 15 9 12
40 149 14 1 11
41 93 23 13 14
41 98 13 2 7
41 98 15 2 14
41 98 16 14 15
41 99 13 1 3
41 99 17 3 18
41 99 18 5 12
41 99 19 3 6
41 100 13 3 4
41 100 14 11 15
41 100 17 4 5
41 100 18 1 6
41 100 19 4 15
41 100 23 15 16
41 100 24 7 12
41 101 13 3 4
41 101 15 5 18
41 101 16 3 6
41 101 17 3 7
41 101 18 8 16
41 101 20 1 18
41 101 22 12 17
41 101 24 11 18
41 102 13 4 5
41 102 14 6 10
41 102 16 4 16
41 102 17 4 17
41 103 6 2 11
41 103 8 11 12
41 103 9 1 15
41 103 10 1 13
41 103 13 5 13
41 103 14 6 14
41 103 15 8 17
41 103 17 3 8
41 104 10 8 18
41 104 14 3 8
41 104 16 5 16
41 104 17 4 6
41 105 12 3 14
41 105 13 11 14
41 105 14 4 10
41 105 15 12 17
41 106 12 4 13
41 120 26 2 16
41 121 25 7 17
41 122 24 11 12
41 133 7 2 3
41 133 9 2 16
41 133 14 3 15
41 133 26 12 15
41 134 7 2 4
41 134 8 2 17
41 134 14 4 10
41 134 15 15 18
41 134 27 16 18
41 135 4 8 16
41 135 16 14 18
41 135 17 11 14
41 135 24 2 11
41 135 25 3 14
41 135 26 7 17
41 136 3 11 17
41 136 5 3 8
41 136 18 8 15
41 136 25 4 9
41 137 4 7 16
41 137 5 3 4
41 137 19 15 18
41 137 20 5 13
41 137 21 6 7
41 137 24 1 11
41 137 26 3 14
41 138 3 9 17
41 138 5 4 16
41 138 20 8 18
41 138 26 4 9
41 139 2 9 11
41 139 4 3 17
41 140 1 8 10
41 140 4 4 11
41 146 18 2 16
41 147 16 7 13
41 147 17 2 17
41 148 14 3 13
41 148 18 1 12
41 149 14 2 4
41 149 15 11 14
41 154 17 8 15
41 155 18 1 18
42 99 13 2 10
42 99 17 13 16
42 100 15 14 15
42 100 16 3 17
42 100 18 2 9
42 100 21 3 16
42 100 23 11 13
42 101 16 4 18
42 101 20 2 17
42 101 21 4 13
42 101 24 5 10
42 101 25 6 14
42 102 15 9 16
42 102 17 9 10
42 103 7 13 14
42 103 9 2 14
42 103 10 2 9
42 103 14 9 17
42 105 14 13 14
42 122 23 7 13
42 122 25 10 14
42 132 25 3 7
42 133 25 4 13
42 134 4 7 9
42 135 5 9 12
42 135 18 9 14
42 135 25 12 14
42 136 4 14 15
42 136 23 5 11
42 136 24 6 12
42 136 26 1 10
42 137 5 16 18
42 137 20 1 9
42 137 24 2 12
42 137 25 12 14
42 137 26 8 12
42 138 4 10 17
42 138 21 8 10
42 139 1 9 15
42 139 3 14 16
42 140 2 17 18
42 140 5 14 15
42 141 6 1 18
42 148 16 1 10
42 148 17 1 13
42 148 18 1 2
42 149 16 11 14
42 150 16 8 15
42 151 17 3 18
42 152 17 3 4
42 153 17 4 9
42 154 17 7 8
42 155 17 5 7
42 155 18 2 6
42 156 17 1 8
43 91 22 7 8
43 97 27 3 12
43 98 27 1 4
43 99 27 1 8
43 100 24 7 14
43 122 21 5 7
43 122 22 6 15
43 123 22 11 12
43 123 23 10 18
43 133 25 10 16
43 134 22 7 16
43 134 24 3 17
43 135 4 10 13
43 135 21 3 17
43 135 24 4 13
43 136 21 4 8
43 136 23 7 13
43 136 24 14 16
43 136 26 2 9
43 137 20 2 5
43 137 21 6 9
43 137 23 13 17
43 137 24 5 13
43 137 25 6 13
43 141 6 2 3
43 142 6 1 4
43 144 4 7 8
43 145 17 3 7
43 146 17 4 15
43 147 16 3 16
43 147 18 16 18
43 148 15 15 17
43 148 16 2 4
43 148 17 2 17
43 148 18 2 16
43 149 16 9 18
43 149 17 14 17
43 153 17 9 11
43 155 17 9 10
43 156 17 2 10
44 90 21 5 8
44 90 22 6 9
44 91 21 12 15
44 92 22 10 18
44 95 27 3 8
44 96 26 3 5
44 96 27 4 6
44 97 26 4 13
44 98 25 11 15
44 98 27 2 9
44 99 26 7 18
44 99 27 2 3
44 100 25 5 8
44 100 26 6 7
44 100 27 1 4
44 101 24 5 10
44 101 25 1 6
44 123 21 10 13
44 123 23 3 14
44 124 23 4 7
44 125 22 1 7
44 135 21 9 12
44 135 22 7 10
44 137 22 5 8
44 137 23 6 10
44 140 5 7 15
44 141 5 1 3
44 141 6 8 18
44 142 5 4 16
44 142 6 2 12
44 143 4 9 17
44 145 4 5 10
44 145 5 1 6
44 146 17 10 11
44 147 18 3 12
44 148 18 3 4
44 149 18 4 12
44 150 17 3 8
44 151 17 4 11
44 151 19 8 12
44 153 18 11 14
44 153 20 11 12
45 87 23 12 15
45 88 24 16 18
45 89 21 3 9
45 89 22 5 16
45 89 23 6 17
45 90 21 4 17
45 91 20 1 13
45 92 25 8 15
45 93 26 3 18
45 94 26 4 5
45 94 27 6 9
45 96 27 1 16
45 97 26 11 17
45 98 25 7 15
45 98 26 11 14
45 99 25 8 9
45 99 26 11 18
45 100 26 5 10
45 100 27 2 6
45 101 25 2 8
45 101 26 3 10
45 102 26 4 11
45 125 22 2 16
45 125 23 10 16
45 126 21 3 17
45 126 22 10 17
45 127 21 4 12
45 129 18 3 12
45 129 20 1 3
45 130 18 4 5
45 130 19 1 6
45 130 20 3 4
45 130 21 8 12
45 131 20 4 8
45 134 20 3 8
45 135 20 4 13
45 136 22 9 10
45 139 3 1 15
45 139 6 3 8
45 140 2 1 5
45 140 3 5 6
45 140 4 6 18
45 140 6 4 9
45 141 2 1 8
45 141 5 2 10
45 141 6 8 16
45 142 5 13 17
45 145 5 2 12
45 145 17 8 11
45 146 17 1 11
45 146 18 8 14
45 147 17 11 13
45 149 17 9 13
45 150 18 5 16
45 150 19 6 9
45 151 17 8 17
45 151 18 13 14
45 152 18 1 16
45 152 21 15 16
45 152 22 3 16
45 153 17 3 17
45 153 18 7 12
45 153 19 13 14
45 153 20 7 17
45 153 21 14 17
45 153 22 4 18
45 154 17 1 4
45 154 19 8 12
46 87 22 13 15
46 88 23 7 18
46 89 26 3 12
46 90 25 3 15
46 90 26 4 15
46 91 20 2 12
46 91 25 4 9
46 91 26 15 18
46 91 27 3 18
46 92 27 4 18
46 95 26 7 15
46 96 27 2 18
46 97 27 3 14
46 98 25 3 9
46 98 27 4 14
46 99 25 4 10
46 99 27 8 14
46 100 25 9 11
46 102 26 5 11
46 102 27 6 14
46 127 18 11 15
46 127 20 7 13
46 128 19 15 18
46 128 20 5 7
46 128 21 1 6
46 129 16 3 5
46 129 17 6 13
46 129 19 3 11
46 129 20 2 18
46 129 21 8 9
46 130 16 4 16
46 130 19 2 4
46 130 20 9 13
46 131 15 15 17
46 131 19 8 16
46 132 16 7 18
46 132 18 12 17
46 133 20 9 16
46 133 21 8 16
46 134 19 5 17
46 134 20 6 17
46 138 6 9 12
46 139 3 2 11
46 139 5 7 12
46 140 2 2 9
46 140 5 1 7
46 140 6 3 9
46 141 2 2 16
46 141 6 4 12
46 142 1 12 17
46 144 17 9 12
46 145 4 1 13
46 145 16 8 11
46 145 18 9 14
46 146 6 7 16
46 146 17 1 2
46 146 18 3 14
46 146 19 1 12
46 147 5 8 17
46 147 18 4 14
46 149 18 7 16
46 149 19 12 16
46 150 17 9 17
46 150 18 7 17
46 150 19 1 16
46 151 17 5 8
46 151 18 6 17
46 152 16 3 15
46 152 18 2 8
46 153 16 3 4
46 153 17 13 18
46 153 19 8 9
46 153 20 1 16
46 154 16 4 5
46 154 17 2 6
46 154 18 10 13
46 154 19 15 17
46 154 20 3 10
46 155 20 4 18
47 74 19 12 16
47 75 17 5 12
47 75 18 6 17
47 88 24 15 16
47 89 23 10 17
47 89 25 13 18
47 91 19 12 13
47 96 26 3 10
47 97 26 4 15
47 98 27 9 18
47 100 26 3 14
47 101 26 4 11
47 101 27 7 12
47 102 27 7 14
47 104 26 8 11
47 127 19 14 15
47 128 20 10 18
47 128 21 2 9
47 129 20 10 14
47 130 19 9 15
47 131 20 15 18
47 132 17 7 13
47 132 21 9 18
47 133 16 3 10
47 134 16 4 11
47 134 17 3 8
47 135 17 4 8
47 138 5 13 15
47 139 4 13 14
47 139 6 11 18
47 140 5 2 10
47 141 5 10 13
47 142 0 5 13
47 142 1 6 15
47 143 2 1 18
47 144 16 9 13
47 145 4 2 7
47 145 17 14 15
47 145 19 1 7
47 146 5 9 12
47 146 17 2 7
47 146 18 13 18
47 146 19 2 8
47 147 6 1 10
47 147 19 11 12
47 149 17 7 15
47 149 18 12 13
47 150 17 8 9
47 150 18 10 18
47 150 19 2 12
47 151 18 9 10
47 152 19 7 9
47 152 22 5 16
47 152 23 6 12
47 153 18 3 8
47 153 20 2 5
47 153 21 6 17
47 154 18 4 5
47 154 19 6 8
48 73 18 3 7
48 74 18 4 13
48 75 16 12 13
48 79 20 1 8
48 91 18 12 13
48 101 22 1 15
48 101 25 5 12
48 101 26 6 13
48 101 27 12 14
48 102 23 11 18
48 102 24 1 11
48 102 27 1 10
48 103 26 5 9
48 103 27 6 10
48 104 27 12 14
48 133 17 9 10
48 134 17 9 14
48 139 7 7 14
48 141 3 3 12
48 142 3 1 4
48 143 2 1 2
48 145 19 2 9
48 146 4 10 13
48 146 11 3 16
48 146 19 10 15
48 147 6 2 7
48 147 10 7 17
48 147 11 1 4
48 147 17 5 10
48 147 18 6 13
48 147 20 14 18
48 148 13 1 5
48 148 14 6 11
48 148 20 7 8
48 149 17 9 13
48 150 17 5 10
48 150 18 6 13
48 151 17 5 7
48 151 18 3 6
48 152 18 4 9
48 152 22 8 13
48 153 12 7 11
48 153 13 12 16
48 153 19 9 10
48 154 10 8 11
48 154 11 5 11
48 154 12 6 17
49 74 16 1 16
49 74 18 10 15
49 75 15 13 17
49 75 18 11 12
49 75 19 3 18
49 76 19 4 11
49 76 22 12 16
49 77 21 16 17
49 78 20 9 17
49 79 20 2 11
49 88 27 3 7
49 89 26 3 15
49 89 27 3 4
49 90 26 4 15
49 90 27 4 18
49 91 17 13 15
49 91 22 1 3
49 91 27 3 18
49 92 18 1 18
49 92 22 1 4
49 92 27 4 8
49 101 22 2 8
49 101 24 1 13
49 101 26 13 15
49 102 24 2 14
49 102 25 5 14
49 102 26 1 6
49 102 27 2 18
49 104 23 1 8
49 104 26 1 13
49 140 4 5 16
49 140 5 6 11
49 140 7 10 12
49 141 2 5 13
49 141 3 6 17
49 142 3 2 16
49 143 2 2 17
49 145 19 15 16
49 146 18 15 17
49 146 20 5 18
49 146 21 6 7
49 147 11 2 5
49 147 12 6 15
49 147 19 3 18
49 147 20 9 16
49 148 6 7 10
49 148 10 5 10
49 148 11 6 16
49 148 12 3 12
49 148 13 2 18
49 148 15 14 15
49 148 19 4 17
49 149 10 15 17
49 149 12 4 16
49 149 16 12 18
49 149 20 8 10
49 150 11 17 18
49 150 16 3 8
49 150 24 7
49 151 13 7 8
49 151 16 4 15
49 151 22 9 16
49 151 23 1 11
49 152 17 10 18
49 152 21 8 17
49 153 10 7 9
49 153 12 13 16
49 153 13 8 14
49 154 11 14 17
49 154 12 10 14
49 155 11 11 12
50 74 16 2 15
50 75 17 13 18
50 75 19 12 14
50 75 20 3 8
50 76 20 4 14
50 76 21 12 13
50 78 21 3 8
50 79 21 4 14
50 89 27 7 10
50 90 25 8 15
50 90 26 1 15
50 91 20 5 12
50 91 21 1 6
50 91 22 2 12
50 91 26 8 18
50 91 27 9 18
50 92 18 2 8
50 92 22 2 12
50 99 23 8 11
50 99 24 8 12
50 100 22 9 11
50 101 24 2 3
50 102 24 4 16
50 102 26 2 3
50 103 23 9 17
50 103 26 3 4
50 104 23 2 11
50 104 26 2 4
50 140 6 13 14
50 146 7 3 7
50 147 6 5 16
50 147 7 4 6
50 147 21 1 10
50 147 22 1 8
50 148 5 15 17
50 148 7 3 8
50 148 11 3 13
50 148 20 8 9
50 149 6 10 18
50 149 7 4 7
50 149 11 3 4
50 149 15 13 15
50 149 16 3 9
50 149 18 1 11
50 149 19 1 8
50 149 21 8 12
50 150 11 4 15
50 150 13 9 16
50 150 16 4 18
50 151 12 17 18
50 151 21 7 9
50 151 23 2 12
50 151 24 10 14
50 152 13 9 10
50 154 10 10 12
50 154 11 7 11
50 155 10 13 15
50 155 12 8 14
50 156 11 12 18
50 157 11 8 11
51 74 20 9 15
51 75 18 12 13
51 75 21 15 18
51 76 20 5 13
51 76 21 6 12
51 76 22 16 18
51 77 21 9 17
51 89 25 8 9
51 90 26 2 9
51 90 27 10 16
51 91 17 1 5
51 91 18 6 9
51 91 19 8 13
51 91 21 2 13
51 91 25 5 8
51 91 26 6 17
51 92 21 12 13
51 98 22 3 11
51 98 23 1 9
51 98 24 9 15
51 98 27 8 16
51 99 22 4 11
51 99 23 1 13
51 99 24 14 16
51 99 25 5 18
51 99 26 6 17
51 100 23 14 17
51 102 24 7 8
51 104 24 8 14
51 144 0 1 3
51 145 0 3 4
51 145 1 11 12
51 146 0 4 8
51 146 21 7 12
51 146 22 9 16
51 147 7 9 10
51 147 20 1 9
51 147 21 2 17
51 147 22 2 7
51 148 19 9 12
51 148 20 3 8
51 148 21 8 9
51 149 18 2 16
51 149 19 2 14
51 149 20 4 13
51 150 7 10 12
51 150 17 11 17
51 151 22 8 13
51 152 21 7 10
51 154 9 7 13
51 154 10 11 15
51 154 12 9 14
51 155 11 10 18
51 156 10 5 13
51 156 11 6 9
51 157 12 12 14
52 75 17 8 13
52 76 20 11 13
52 76 22 8 12
52 88 25 9 11
52 90 18 5 16
52 90 19 6 9
52 90 24 1 5
52 90 25 6 9
52 91 17 2 17
52 91 19 5 15
52 91 20 6 8
52 92 20 13 18
52 97 27 3 9
52 98 23 2 14
52 98 27 4 16
52 99 23 2 14
52 99 24 7 15
52 99 26 11 17
52 100 25 11 18
52 101 24 8 9
52 103 24 9 10
52 144 0 1 2
52 145 0 9 13
52 145 2 1 14
52 146 20 13 16
52 147 19 16 17
52 147 20 2 9
52 147 21 9 10
52 148 18 13 17
52 148 22 10 12
52 149 17 3 15
52 150 6 13 16
52 150 17 4 12
52 150 18 14 18
52 150 21 1 8
52 150 22 9 16
52 151 5 11 17
52 151 21 12 17
52 153 21 10 11
52 154 11 14 16
52 155 9 5 10
52 155 10 6 17
52 157 11 11 13
53 74 17 1 9
53 75 22 3 9
53 76 21 13 14
53 76 22 4 15
53 77 23 1 18
53 87 21 8 15
53 88 21 3 8
53 88 22 11 18
53 88 24 1 7
53 88 26 12 14
53 89 21 4 16
53 90 20 9 17
53 90 24 2 8
53 90 26 11 15
53 91 25 3 7
53 91 27 16 18
53 92 25 4 5
53 92 26 6 17
53 99 27 1 14
53 100 24 9 10
53 100 26 5 14
53 100 27 6 8
53 144 0 2 15
53 145 1 15 18
53 145 2 2 16
53 146 1 7 17
53 146 2 12 18
53 148 17 3 11
53 148 21 8 13
53 149 17 4 16
53 149 21 5 9
53 149 22 3 6
53 150 16 13 17
53 150 21 2 16
53 150 22 3 4
53 151 6 1 14
53 151 20 13 17
53 151 22 4 7
53 153 22 8 14
53 156 9 11 16
53 157 8 12 17
53 157 12 7 14
53 159 8 11 15
53 159 10 7 16
53 160 9 17 18
54 74 17 2 15
54 75 18 3 18
54 76 18 3 4
54 77 18 1 4
54 77 23 2 11
54 77 24 1 15
54 78 25 7 18
54 86 21 7 9
54 87 20 7 11
54 87 21 9 15
54 87 24 12 15
54 88 22 8 18
54 88 23 1 14
54 88 24 2 12
54 88 25 13 18
54 89 24 9 10
54 90 26 5 12
54 90 27 6 14
54 91 26 11 12
54 92 25 7 10
54 92 27 8 16
54 93 26 15 17
54 93 27 3 7
54 94 27 4 18
54 99 27 2 9
54 146 1 7 13
54 147 1 10 12
54 147 15 11 12
54 147 17 7 12
54 147 20 5 11
54 147 21 6 9
54 148 18 14 15
54 149 9 3 11
54 149 19 16 18
54 150 9 4 12
54 150 18 8 17
54 151 3 5 16
54 151 4 6 12
54 151 6 1 2
54 152 2 11 17
54 152 10 3 8
54 152 22 9 10
54 153 10 3 4
54 154 4 1 8
54 154 10 3 4
54 155 9 5 15
54 155 10 4 6
54 155 11 3 8
54 156 10 14 18
54 156 11 4 11
54 157 7 13 15
54 157 10 1 5
54 157 11 3 6
54 158 8 3 18
54 158 11 4 5
54 158 12 6 10
54 159 8 1 4
54 159 9 12 14
54 160 10 1 10
55 77 18 2 15
55 77 24 2 14
55 78 19 7 18
55 79 25 1 10
55 80 25 8 16
55 81 24 16 17
55 82 23 1 17
55 83 24 1 8
55 83 25 12 16
55 84 24 15 17
55 85 25 8 18
55 87 21 10 14
55 87 22 9 16
55 87 23 13 16
55 88 20 5 10
55 88 21 6 17
55 88 22 3 17
55 88 23 2 13
55 88 25 1 12
55 89 22 4 8
55 90 25 8 13
55 91 25 3 13
55 91 27 9 14
55 92 25 3 4
55 92 26 5 15
55 92 27 1 6
55 93 25 4 10
55 93 27 3 18
55 94 27 4 10
55 146 11 7 8
55 147 0 7 13
55 147 1 1 10
55 147 10 8 16
55 147 14 13 16
55 147 16 13 14
55 147 21 14 16
55 148 9 7 17
55 148 13 1 17
55 148 17 10 15
55 148 20 8 17
55 149 10 3 14
55 149 18 9 18
55 150 8 5 13
55 150 9 6 15
55 150 10 4 11
55 151 3 13 15
55 151 6 2 8
55 151 10 9 18
55 152 2 5 16
55 152 3 6 14
55 152 4 3 18
55 153 1 8 17
55 153 4 4 9
55 154 3 3 5
55 154 4 2 6
55 154 11 9 15
55 155 3 4 8
55 155 9 7 15
55 155 10 8 16
55 155 11 3 11
55 155 12 8 18
55 156 9 5 17
55 156 10 6 18
55 156 11 1 4
55 156 12 12 14
55 157 10 2 8
55 159 8 2 13
55 160 10 2 15
55 161 11 12 18
56 79 19 10 16
56 79 25 2 9
56 80 17 5 12
56 80 18 6 17
56 82 23 1 2
56 82 24 1 9
56 83 24 2 13
56 83 25 5 12
56 83 26 6 16
56 84 20 8 12
56 84 25 9 17
56 87 21 3 8
56 87 22 3 15
56 88 21 4 7
56 88 22 4 9
56 88 23 12 18
56 88 24 13 16
56 88 25 1 2
56 89 23 8 17
56 89 25 8 9
56 90 22 8 11
56 92 26 5 11
56 92 27 2 6
56 143 15 1 8
56 145 11 8 9
56 146 10 3 9
56 146 11 3 16
56 147 1 2 7
56 147 10 4 17
56 147 11 4 10
56 147 12 15 16
56 147 20 9 12
56 148 0 10 15
56 148 11 1 17
56 148 13 2 18
56 149 1 15 18
56 149 8 3 7
56 149 9 1 10
56 149 11 3 7
56 150 0 1 11
56 150 2 12 18
56 150 6 9 11
56 150 8 4 12
56 150 11 4 14
56 151 4 7 12
56 152 1 1 9
56 153 6 1 12
56 154 0 1 8
56 154 3 9 12
56 154 10 3 9
56 154 12 9 16
56 155 10 4 5
56 155 11 6 17
56 155 12 12 14
56 156 9 5 10
56 156 10 6 9
56 156 11 2 13
56 157 6 8 12
56 161 10 11 13
57 80 16 5 13
57 80 17 6 11
57 82 20 3 7
57 82 23 2 15
57 82 24 2 15
57 83 20 4 9
57 83 24 13 18
57 83 25 1 18
57 84 19 3 13
57 84 20 11 16
57 85 19 4 17
57 86 21 7 9
57 86 22 1 7
57 88 22 1 13
57 88 23 9 12
57 88 25 2 9
57 89 21 5 10
57 89 22 6 9
57 90 23 14 16
57 91 22 5 17
57 91 23 1 6
57 92 27 3 14
57 93 27 4 16
57 94 25 5 11
57 94 26 6 17
57 95 26 7 8
57 142 15 9 16
57 143 13 3 5
57 143 14 6 17
57 143 15 2 15
57 144 11 9 15
57 144 12 5 8
57 144 13 4 6
57 144 16 7 18
57 145 12 1 18
57 147 19 1 13
57 148 0 3 15
57 148 1 1 10
57 148 11 2 3
57 149 0 1 4
57 149 1 15 18
57 149 9 2 16
57 149 11 4 15
57 150 0 2 3
57 150 1 13 14
57 150 2 3 18
57 150 7 13 14
57 150 8 10 17
57 150 11 5 10
57 150 12 6 18
57 151 0 3 4
57 151 2 1 4
57 151 3 12 13
57 152 0 4 11
57 152 1 2 7
57 152 2 1 12
57 152 4 10 12
57 152 7 11 16
57 153 0 9 15
57 153 5 12 13
57 153 6 2 17
57 154 0 1 2
57 154 1 5 18
57 154 2 6 13
57 154 11 3 12
57 155 11 4 13
57 156 6 9 12
57 157 5 5 13
57 157 6 6 15
57 158 7 11 18
57 158 9 1 12
57 161 11 8 14
58 79 18 1 3
58 80 18 4 14
58 80 22 8 11
58 82 20 3 16
58 82 22 3 11
58 82 25 1 15
58 83 19 7 17
58 83 20 4 10
58 83 21 11 12
58 83 22 4 12
58 83 25 2 7
58 83 26 7 18
58 84 21 1 14
58 85 23 8 12
58 86 22 2 8
58 87 21 5 10
58 87 22 6 10
58 88 22 2 13
58 91 23 2 7
58 94 26 9 14
58 96 26 10 16
58 97 24 5 11
58 97 25 6 17
58 143 12 9 15
58 144 13 16 18
58 145 12 2 17
58 145 16 10 15
58 146 17 5 18
58 146 18 6 15
58 147 19 2 18
58 148 1 2 16
58 149 0 2 17
58 151 2 2 13
58 152 1 13 14
58 152 2 2 16
58 152 3 13 15
58 152 8 7 14
58 153 1 10 17
58 153 4 13 18
58 153 9 15 16
58 154 0 2 5
58 154 1 1 6
58 154 7 5 11
58 154 8 6 17
58 154 10 13 18
58 156 5 13 16
58 157 4 8 17
58 157 10 11 15
58 158 8 13 14
58 158 9 2 3
58 158 11 12 18
58 159 9 1 4
58 159 13 12 16
58 160 11 5 9
58 160 12 6 17
59 77 23 5 16
59 77 24 6 16
59 78 22 3 17
59 78 23 8 17
59 79 18 2 12
59 79 22 4 9
59 79 26 1 12
59 80 22 7 16
59 80 23 1 14
59 81 20 5 7
59 81 21 6 17
59 82 23 8 14
59 82 25 2 7
59 83 20 13 16
59 83 21 13 15
59 83 22 14 15
59 84 19 10 17
59 84 21 2 5
59 84 22 6 18
59 84 23 9 18
59 84 25 5 10
59 84 26 6 10
59 85 22 9 13
59 91 22 15 16
59 92 21 1 17
59 92 23 10 18
59 94 26 3 11
59 95 26 4 7
59 97 25 8 14
59 153 7 11 15
59 153 8 8 10
59 154 1 2 7
59 154 2 1 15
59 154 8 14 18
59 155 3 15 18
59 156 4 9 18
59 156 12 15 16
59 157 11 14 17
59 157 13 16 18
59 158 10 13 16
59 158 12 7 17
59 159 9 2 17
59 159 12 1 13
60 77 23 9 11
60 78 24 1 5
60 78 25 3 6
60 79 17 1 13
60 79 25 4 13
60 79 26 2 7
60 80 23 1 2
60 81 22 5 10
60 81 23 6 9
60 82 20 10 11
60 83 25 10 12
60 92 20 11 15
60 92 21 2 11
60 92 22 5 12
60 92 23 6
60 93 21 7 18
60 93 26 11 15
60 94 27 14 18
60 95 25 3 5
60 95 26 6 7
60 96 25 4 9
60 96 26 10 11
60 152 7 5 15
60 152 8 6 9
60 153 8 14 18
60 154 2 2 16
60 155 1 10 17
60 159 12 2 10
61 77 16 7 15
61 77 24 14 16
61 78 16 5 11
61 78 17 6 18
61 78 23 3 17
61 78 24 2 11
61 78 25 7 12
61 79 17 2 8
61 79 23 4 5
61 79 24 5 6
61 79 25 1 6
61 80 23 2 16
61 80 26 5 10
61 80 27 1 6
61 81 22 16 17
61 82 21 14 17
61 83 24 1 13
61 90 20 8 11
61 92 21 13 14
61 92 22 14 16
61 93 21 3 17
61 93 27 14 16
61 94 21 4 10
61 94 26 3 17
61 95 26 3 4
61 96 26 4 10
61 96 27 1 14
61 97 24 3 7
61 97 26 8 16
61 98 24 4 5
61 98 25 6 17
62 77 15 7 11
62 78 16 7 10
62 78 17 9 14
62 78 23 3 15
62 78 24 13 16
62 78 25 14 16
62 79 17 3 11
62 79 23 4 17
62 79 24 17 18
62 79 25 2 10
62 80 17 4 8
62 80 27 1 2
62 82 25 3 5
62 82 26 1 6
62 83 24 2 5
62 83 25 4 6
62 87 18 12 16
62 88 17 7 17
62 89 20 5 9
62 89 21 6 7
62 90 21 5 14
62 90 22 6 15
62 91 21 3 8
62 91 23 7 18
62 92 21 4 5
62 92 22 1 6
62 94 26 11 15
62 95 26 7 15
62 95 27 16 18
62 96 26 9 17
62 96 27 2 18
62 97 25 11 16
62 98 24 10 17
63 77 16 7 14
63 77 17 7 12
63 78 15 10 15
63 79 16 10 18
63 79 17 9 11
63 79 18 12 14
63 79 19 1 12
63 80 27 1 2
63 82 26 2 12
63 87 17 12 13
63 89 17 1 10
63 90 21 9 10
63 91 20 1 15
63 92 21 5 18
63 92 22 2 6
63 92 23 10 16
63 92 26 5 15
63 92 27 1 6
63 93 22 5 17
63 93 23 6 15
63 93 27 7 18
63 94 24 11 18
63 94 26 3 8
63 94 27 7 14
63 95 26 3 4
63 95 27 3 8
63 96 26 4 10
63 96 27 4 16
63 97 26 14 17
64 77 16 7 13
64 78 16 10 11
64 78 17 1 10
64 79 17 12 13
64 79 18 13 14
64 79 19 2 15
64 80 20 7 18
64 80 27 2 3
64 81 21 3 8
64 81 27 4 7
64 82 21 3 4
64 82 25 5 13
64 82 26 6 11
64 83 21 3 4
64 84 20 5 7
64 84 21 4 6
64 85 20 1 16
64 86 19 12 17
64 87 16 1 13
64 89 17 2 15
64 90 18 11 18
64 91 19 5 8
64 91 20 2 6
64 92 27 2 16
64 93 26 9 17
64 94 25 3 14
64 94 27 9 10
64 95 25 4 8
64 95 27 1 10
64 98 26 8 11
65 78 16 7 10
65 78 17 2 14
65 79 16 12 13
65 80 21 9 16
65 81 20 10 17
65 82 27 10 14
65 83 17 7 15
65 84 18 16 18
65 85 17 15 17
65 85 20 2 10
65 86 18 13 18
65 87 16 2 8
65 90 19 9 14
65 94 25 9 12
65 95 27 2 16
65 96 26 8 17
65 97 26 9 16
65 97 27 3 7
65 98 25 11 17
65 98 27 4 14
66 79 15 13 16
66 79 16 10 16
66 80 14 5 17
66 80 15 6 17
66 84 17 5 10
66 84 18 6 16
66 85 17 15 17
66 86 16 9 11
66 86 18 1 18
66 94 24 7 13
66 95 25 7 11
66 95 26 9 16
66 96 25 8 17
66 96 26 1 5
66 96 27 6 16
66 97 26 11 17
66 98 26 11 14
66 98 27 10 12
67 86 17 3 14
67 86 18 1 2
67 87 17 4 12
67 95 24 10 15
67 95 25 7 9
67 95 26 3 14
67 96 25 10 18
67 96 26 2 4
67 97 26 8 11
67 97 27 7 14
67 98 26 11 13
67 98 27 7 14
68 86 15 5 15
68 86 16 6 12
68 86 18 2 3
68 87 16 13 18
68 87 18 3 4
68 88 18 4 7
68 95 26 1 16
68 96 25 10 17
68 96 26 8 9
68 97 27 7 14
68 98 27 10 14
68 99 27 8 10
69 86 15 11 13
69 88 18 3 8
69 89 18 4 10
69 95 26 2 9
69 98 27 9 10
70 86 16 14 15
70 87 17 3 18
70 87 18 3 9
70 88 17 4 5
70 88 18 4 6